59
1
2
1 13 19 20 0 -1
1 18 19 10 0 2
haar_y4
1.002874e-001 0 -1
-2.794234e-001 3.143792e-001 
1
3
9 26 14 8 0 -1
16 26 7 4 0 2
9 30 7 4 0 2
haar_x2_y2
-4.436243e-002 0 -1
3.567629e-001 -1.068237e-001 
1
3
5 5 6 12 0 -1
5 5 3 6 0 2
8 11 3 6 0 2
haar_x2_y2
3.439142e-003 0 -1
-2.355720e-001 1.747702e-001 
1
2
18 22 3 4 0 -1
18 23 3 2 0 2
haar_y4
-1.462292e-003 0 -1
-5.080850e-001 -7.737539e-003 
1
2
2 20 18 9 0 -1
2 23 18 3 0 3
haar_y3
-4.348725e-003 0 -1
3.168139e-001 -1.252628e-001 
1
2
19 14 4 2 0 -1
19 15 4 1 0 2
haar_y2
1.824588e-004 0 -1
-9.024258e-002 1.678072e-001 
1
2
3 22 14 2 0 -1
3 23 14 1 0 2
haar_y2
-1.792587e-003 0 -1
-5.006037e-001 4.456891e-002 
1
2
18 22 3 4 0 -1
18 23 3 2 0 2
haar_y4
6.309131e-004 0 -1
5.012131e-002 -2.198188e-001 
1
2
3 22 3 4 0 -1
3 23 3 2 0 2
haar_y4
5.491987e-004 0 -1
9.218527e-002 -3.317033e-001 
1
2
21 8 3 8 0 -1
21 10 3 4 0 2
haar_y4
-8.634286e-003 0 -1
3.636822e-001 -9.224736e-002 
1
2
0 4 2 3 0 -1
0 5 2 1 0 3
haar_y3
-8.018989e-004 0 -1
3.434613e-001 -1.027396e-001 
1
2
19 21 3 6 0 -1
20 21 1 6 0 3
haar_x3
-3.826562e-003 0 -1
4.136618e-001 -4.170826e-002 
1
2
2 21 3 6 0 -1
3 21 1 6 0 3
haar_x3
3.698021e-003 0 -1
-7.090417e-002 5.249919e-001 
1
3
3 23 20 2 0 -1
13 23 10 1 0 2
3 24 10 1 0 2
haar_x2_y2
2.591219e-003 0 -1
6.700153e-002 -3.687470e-001 
1
2
12 13 12 2 0 -1
12 13 6 2 0 2
tilted_haar_x2
7.142633e-003 0 -1
-2.284572e-001 1.370909e-001 
1
2
7 22 12 10 0 -1
10 22 6 10 0 2
haar_x4
9.999305e-002 0 -1
2.194082e-002 -6.049653e-001 
1
2
5 7 8 2 0 -1
5 8 8 1 0 2
haar_y2
1.795761e-003 0 -1
5.461896e-002 -5.360287e-001 
1
2
16 0 8 16 0 -1
16 0 4 16 0 2
haar_x2
1.238995e-001 0 -1
9.589156e-003 -4.512942e-001 
1
2
7 29 9 7 0 -1
10 29 3 7 0 3
haar_x3
-5.567809e-002 0 -1
-8.347209e-001 3.472111e-002 
1
2
8 33 9 2 0 -1
11 33 3 2 0 3
haar_x3
-1.642989e-003 0 -1
1.077890e-001 -1.103607e-001 
1
2
4 0 4 4 0 -1
5 1 2 4 0 2
tilted_haar_x4
2.207053e-003 0 -1
-1.056243e-001 2.898843e-001 
1
2
13 0 2 5 0 -1
13 0 1 5 0 2
tilted_haar_y2
-1.053630e-004 0 -1
9.815899e-002 -1.045589e-001 
1
2
9 6 2 1 0 -1
10 6 1 1 0 2
haar_x2
-7.162261e-006 0 -1
2.028095e-001 -1.842216e-001 
1
2
13 18 4 12 0 -1
13 18 2 12 0 2
tilted_haar_y2
2.041953e-002 0 -1
-5.132195e-002 2.244308e-001 
1
2
7 9 10 16 0 -1
7 13 10 8 0 2
haar_y4
-2.316099e-004 0 -1
1.170929e-001 -2.843345e-001 
1
2
10 0 4 10 0 -1
10 0 2 10 0 2
haar_x2
-6.635143e-003 0 -1
-4.708694e-001 7.326645e-002 
1
2
11 18 12 4 0 -1
11 18 12 2 0 2
tilted_haar_y2
3.271314e-002 0 -1
-8.606071e-002 3.996839e-001 
1
2
8 23 9 4 0 -1
8 25 9 2 0 2
haar_y2
1.021468e-005 0 -1
-1.582505e-001 1.721941e-001 
1
2
7 10 11 3 0 -1
6 11 11 1 0 3
tilted_haar_y3
4.176588e-003 0 -1
-1.264831e-001 2.740510e-001 
1
3
4 3 20 18 0 -1
14 3 10 9 0 2
4 12 10 9 0 2
haar_x2_y2
3.151953e-002 0 -1
-4.899867e-002 9.894473e-002 
1
2
1 22 16 9 0 -1
1 25 16 3 0 3
haar_y3
-7.680639e-003 0 -1
3.479603e-001 -9.265316e-002 
1
2
21 23 2 12 0 -1
21 27 2 4 0 3
haar_y3
3.429124e-003 0 -1
1.228090e-001 -3.276023e-001 
1
3
0 3 20 18 0 -1
0 3 10 9 0 2
10 12 10 9 0 2
haar_x2_y2
1.094693e-001 0 -1
4.851032e-002 -6.079761e-001 
1
2
21 23 1 12 0 -1
21 27 1 4 0 3
haar_y3
-4.742940e-003 0 -1
-2.697003e-001 4.336096e-002 
1
2
1 5 12 10 0 -1
4 5 6 10 0 2
haar_x4
7.130330e-002 0 -1
3.580453e-002 -8.233687e-001 
1
2
6 18 14 16 0 -1
6 22 14 8 0 2
haar_y4
1.163081e-002 0 -1
-2.217068e-001 6.715293e-002 
1
2
0 24 3 12 0 -1
1 28 1 4 0 9
haar_point
1.787167e-002 0 -1
6.465152e-002 -5.053669e-001 
1
2
17 27 3 4 0 -1
18 28 1 4 0 3
tilted_haar_y3
4.921230e-003 0 -1
-6.645633e-002 3.548507e-001 
1
2
7 27 4 3 0 -1
6 28 4 1 0 3
tilted_haar_y3
2.624954e-003 0 -1
-9.628252e-002 3.337503e-001 
1
2
15 34 2 1 0 -1
15 34 1 1 0 2
haar_x2
-3.047899e-003 0 -1
-1.000000e+000 1.314233e-002 
1
2
7 34 2 1 0 -1
8 34 1 1 0 2
haar_x2
2.578550e-004 0 -1
9.486235e-002 -3.617082e-001 
1
2
18 27 1 4 0 -1
17 28 1 2 0 2
tilted_haar_x4
4.492347e-003 0 -1
-3.153190e-002 4.728003e-001 
1
2
6 27 4 1 0 -1
7 28 2 1 0 2
tilted_haar_x4
-4.101913e-004 0 -1
2.988156e-001 -1.416332e-001 
1
3
11 14 6 14 0 -1
14 14 3 7 0 2
11 21 3 7 0 2
haar_x2_y2
-5.061685e-002 0 -1
-8.611565e-001 1.139605e-002 
1
3
7 14 6 14 0 -1
7 14 3 7 0 2
10 21 3 7 0 2
haar_x2_y2
2.370110e-002 0 -1
4.069852e-002 -7.596390e-001 
1
2
14 30 3 3 0 -1
15 31 1 3 0 3
tilted_haar_y3
-2.082775e-003 0 -1
8.782835e-002 -6.301618e-002 
1
2
10 12 1 4 0 -1
10 13 1 2 0 2
haar_y4
7.533628e-004 0 -1
4.683713e-002 -7.349765e-001 
1
3
15 15 4 2 0 -1
17 15 2 1 0 2
15 16 2 1 0 2
haar_x2_y2
-2.356592e-003 0 -1
4.721874e-001 -2.880183e-002 
1
3
5 15 4 2 0 -1
5 15 2 1 0 2
7 16 2 1 0 2
haar_x2_y2
6.863578e-004 0 -1
-7.569864e-002 4.273041e-001 
1
2
23 19 1 2 0 -1
23 20 1 1 0 2
haar_y2
1.591399e-004 0 -1
5.266137e-002 -1.307867e-001 
1
2
0 19 1 2 0 -1
0 20 1 1 0 2
haar_y2
1.791021e-004 0 -1
9.063288e-002 -3.603017e-001 
1
2
13 31 3 2 0 -1
14 32 1 2 0 3
tilted_haar_y3
1.717783e-003 0 -1
-6.908906e-002 2.556139e-001 
1
2
0 10 1 6 0 -1
0 12 1 2 0 3
haar_y3
-7.295269e-004 0 -1
2.346998e-001 -1.374333e-001 
1
2
14 20 2 3 0 -1
14 20 1 3 0 2
tilted_haar_y2
6.361943e-003 0 -1
1.342721e-002 -4.052195e-001 
1
2
10 20 3 2 0 -1
10 20 3 1 0 2
tilted_haar_y2
9.133131e-004 0 -1
-1.432681e-001 2.174607e-001 
1
2
10 3 6 21 0 -1
10 3 3 21 0 2
haar_x2
-1.761075e-002 0 -1
1.443608e-001 -2.813815e-002 
1
2
8 3 6 21 0 -1
11 3 3 21 0 2
haar_x2
-1.094949e-002 0 -1
3.595447e-001 -1.010711e-001 
1
2
12 33 3 3 0 -1
13 34 1 1 0 9
haar_point
-1.112296e-003 0 -1
1.372650e-001 -8.426671e-002 
1
3
0 1 14 2 0 -1
0 1 7 1 0 2
7 2 7 1 0 2
haar_x2_y2
4.624751e-003 0 -1
-7.250708e-002 3.953214e-001 
-1.053158e+000

26
-1
