47
1
2
5 22 13 12 0 -1
5 28 13 6 0 2
haar_y2
-1.003684e-001 0 -1
4.409009e-001 -2.755056e-001 
1
3
10 6 10 12 0 -1
15 6 5 6 0 2
10 12 5 6 0 2
haar_x2_y2
1.448222e-002 0 -1
-1.790321e-001 2.825440e-001 
1
2
2 10 4 4 0 -1
2 12 4 2 0 2
haar_y2
-5.675033e-003 0 -1
3.881194e-001 -1.299311e-001 
1
3
5 19 18 4 0 -1
14 19 9 2 0 2
5 21 9 2 0 2
haar_x2_y2
8.072328e-003 0 -1
1.644325e-002 -4.184375e-001 
1
3
1 19 18 4 0 -1
1 19 9 2 0 2
10 21 9 2 0 2
haar_x2_y2
9.489426e-003 0 -1
8.105649e-002 -6.142029e-001 
1
2
14 22 6 8 0 -1
12 24 6 4 0 2
tilted_haar_x4
3.065993e-002 0 -1
-7.867832e-002 2.513125e-001 
1
2
0 6 1 12 0 -1
0 9 1 6 0 2
haar_y4
-9.640742e-003 0 -1
5.922729e-001 -9.517533e-002 
1
2
20 2 4 12 0 -1
20 5 4 6 0 2
haar_y4
-1.108653e-002 0 -1
2.600086e-001 -8.509807e-002 
1
2
10 22 8 6 0 -1
12 24 4 6 0 2
tilted_haar_x4
3.173586e-002 0 -1
-9.757645e-002 4.290074e-001 
1
3
12 17 2 4 0 -1
13 17 1 2 0 2
12 19 1 2 0 2
haar_x2_y2
7.105281e-004 0 -1
5.053943e-002 -4.319334e-001 
1
2
9 10 3 1 0 -1
10 11 1 1 0 3
tilted_haar_x3
8.509799e-004 0 -1
9.670066e-002 -4.316382e-001 
1
2
0 4 24 1 0 -1
6 4 12 1 0 2
haar_x4
1.112842e-002 0 -1
-1.748236e-001 2.461927e-001 
1
2
0 2 4 12 0 -1
0 5 4 6 0 2
haar_y4
-2.000111e-002 0 -1
5.113350e-001 -8.371051e-002 
1
2
12 20 4 9 0 -1
12 20 2 9 0 2
tilted_haar_y2
3.258775e-002 0 -1
-2.668055e-002 4.414406e-001 
1
2
12 22 7 2 0 -1
12 22 7 1 0 2
tilted_haar_y2
3.986702e-003 0 -1
-1.482097e-001 3.117197e-001 
1
2
1 4 22 32 0 -1
1 12 22 16 0 2
haar_y4
2.560031e-001 0 -1
8.101308e-002 -5.496237e-001 
1
2
12 9 2 2 0 -1
12 9 1 2 0 2
tilted_haar_x2
-1.710894e-003 0 -1
-5.999653e-001 6.380553e-002 
1
3
7 34 10 2 0 -1
12 34 5 1 0 2
7 35 5 1 0 2
haar_x2_y2
1.873138e-003 0 -1
-1.175752e-001 3.673683e-001 
1
2
1 23 2 4 0 -1
1 25 2 2 0 2
haar_y2
4.964469e-004 0 -1
1.425201e-001 -2.916788e-001 
1
2
4 19 18 16 0 -1
4 23 18 8 0 2
haar_y4
1.668859e-002 0 -1
-2.036292e-001 1.168861e-001 
1
2
1 21 2 4 0 -1
1 22 2 2 0 2
haar_y4
1.191950e-003 0 -1
6.234999e-002 -6.230581e-001 
1
2
8 0 9 4 0 -1
8 1 9 2 0 2
haar_y4
5.122571e-003 0 -1
-8.043875e-002 4.330270e-001 
1
2
4 0 14 2 0 -1
4 1 14 1 0 2
haar_y2
-4.421278e-003 0 -1
5.077263e-001 -8.574279e-002 
1
2
16 20 8 3 0 -1
16 21 8 1 0 3
haar_y3
1.212253e-003 0 -1
5.847455e-002 -2.926101e-001 
1
2
0 20 8 3 0 -1
0 21 8 1 0 3
haar_y3
1.785844e-003 0 -1
7.486142e-002 -5.592450e-001 
1
2
19 1 4 4 0 -1
18 2 4 2 0 2
tilted_haar_x4
1.125671e-003 0 -1
-1.084218e-001 1.318611e-001 
1
2
5 1 4 4 0 -1
6 2 2 4 0 2
tilted_haar_x4
6.288420e-003 0 -1
-8.544928e-002 4.812482e-001 
1
2
17 4 2 24 0 -1
17 4 1 24 0 2
haar_x2
9.032361e-003 0 -1
-4.060893e-002 2.135193e-001 
1
2
11 2 6 4 0 -1
11 2 6 2 0 2
tilted_haar_y2
4.250841e-003 0 -1
1.458382e-001 -2.813753e-001 
1
2
17 25 4 4 0 -1
16 26 4 2 0 2
tilted_haar_x4
1.290336e-002 0 -1
-2.678973e-002 3.951870e-001 
1
2
0 0 16 12 0 -1
4 0 8 12 0 2
haar_x4
1.156168e-001 0 -1
4.928142e-002 -8.046099e-001 
1
2
17 25 4 4 0 -1
16 26 4 2 0 2
tilted_haar_x4
-1.541468e-003 0 -1
1.069923e-001 -6.922206e-002 
1
2
7 25 4 4 0 -1
8 26 2 4 0 2
tilted_haar_x4
8.635437e-003 0 -1
-7.432508e-002 5.179752e-001 
1
2
16 19 5 3 0 -1
16 20 5 1 0 3
haar_y3
-5.749714e-004 0 -1
-3.272775e-001 9.109385e-002 
1
2
3 19 5 3 0 -1
3 20 5 1 0 3
haar_y3
7.239128e-004 0 -1
1.031896e-001 -3.647277e-001 
1
2
14 18 6 6 0 -1
14 18 6 3 0 2
tilted_haar_x2
2.575066e-002 0 -1
-5.919378e-002 2.427212e-001 
1
2
2 31 6 2 0 -1
4 31 2 2 0 3
haar_x3
-1.824465e-003 0 -1
3.272311e-001 -1.219583e-001 
1
2
12 17 9 6 0 -1
12 17 9 3 0 2
tilted_haar_x2
-5.299849e-002 0 -1
5.231551e-001 -3.604823e-002 
1
2
9 22 3 2 0 -1
10 22 1 2 0 3
haar_x3
-1.939878e-003 0 -1
-7.155995e-001 6.233065e-002 
1
2
15 16 5 8 0 -1
15 16 5 4 0 2
tilted_haar_x2
8.638489e-002 0 -1
-2.986039e-003 -5.974652e-001 
1
2
9 16 8 5 0 -1
9 16 4 5 0 2
tilted_haar_x2
3.966565e-002 0 -1
-5.818830e-002 7.233933e-001 
1
3
19 4 2 2 0 -1
20 4 1 1 0 2
19 5 1 1 0 2
haar_x2_y2
-1.181751e-004 0 -1
1.679821e-001 -6.228170e-002 
1
2
8 12 4 8 0 -1
10 12 2 8 0 2
haar_x2
1.318331e-003 0 -1
-2.272601e-001 1.754850e-001 
1
2
14 10 2 2 0 -1
14 10 1 2 0 2
tilted_haar_y2
-4.618166e-003 0 -1
-1.000000e+000 7.073606e-003 
1
2
10 10 2 2 0 -1
10 10 2 1 0 2
tilted_haar_y2
3.195226e-004 0 -1
2.114021e-001 -2.016461e-001 
1
3
4 5 16 4 0 -1
12 5 8 2 0 2
4 7 8 2 0 2
haar_x2_y2
-6.151033e-003 0 -1
-4.552709e-001 8.728575e-002 
1
2
5 30 6 2 0 -1
7 30 2 2 0 3
haar_x3
-6.817389e-003 0 -1
5.244337e-001 -7.936662e-002 
-1.201061e+000

13
-1
