12
1
2
2 3 20 25 0 -1
7 3 10 25 0 2
haar_x4
9.092255e-002 0 -1
-5.716702e-001 8.252309e-001 
1
2
23 10 1 14 0 -1
23 10 1 7 0 2
tilted_haar_x2
-3.370455e-004 0 -1
4.213228e-001 -5.698410e-001 
1
2
6 6 1 6 0 -1
6 6 1 3 0 2
tilted_haar_y2
4.604159e-003 0 -1
-3.674224e-001 6.798720e-001 
1
2
7 6 12 18 0 -1
7 12 12 6 0 3
haar_y3
-1.905015e-003 0 -1
2.968062e-001 -6.666385e-001 
1
2
5 23 14 9 0 -1
5 26 14 3 0 3
haar_y3
2.349286e-002 0 -1
-3.025182e-001 6.622175e-001 
1
2
2 0 20 36 0 -1
2 18 20 18 0 2
haar_y2
-1.292937e-003 0 -1
3.102906e-001 -6.833847e-001 
1
2
8 4 16 7 0 -1
8 4 8 7 0 2
tilted_haar_x2
-6.796833e-003 0 -1
5.402198e-001 -4.313629e-001 
1
2
0 18 24 9 0 -1
6 18 12 9 0 2
haar_x4
-2.482232e-002 0 -1
6.732340e-001 -2.122107e-001 
1
2
11 21 8 7 0 -1
11 21 4 7 0 2
tilted_haar_x2
2.567344e-002 0 -1
-2.591567e-001 5.751345e-001 
1
2
21 7 1 6 0 -1
21 7 1 3 0 2
tilted_haar_x2
-1.123463e-005 0 -1
2.060472e-001 -2.808930e-001 
1
2
3 7 6 1 0 -1
3 7 3 1 0 2
tilted_haar_x2
-3.551160e-004 0 -1
4.913687e-001 -3.137425e-001 
1
2
3 4 18 6 0 -1
9 6 6 2 0 9
haar_point
-2.566787e-002 0 -1
6.273281e-001 -2.335449e-001 
-1.479031e+000

-1
-1
