62
1
2
10 4 4 32 0 -1
10 12 4 16 0 2
haar_y4
6.150511e-002 0 -1
-2.247558e-001 3.122172e-001 
1
2
9 12 6 12 0 -1
9 15 6 6 0 2
haar_y4
3.834770e-003 0 -1
1.195322e-001 -3.836184e-001 
1
2
1 9 22 9 0 -1
1 12 22 3 0 3
haar_y3
-3.715435e-002 0 -1
2.884738e-001 -1.584166e-001 
1
2
16 15 6 3 0 -1
16 15 3 3 0 2
tilted_haar_y2
2.679285e-003 0 -1
-1.375941e-001 1.014941e-001 
1
3
0 13 24 4 0 -1
0 13 12 2 0 2
12 15 12 2 0 2
haar_x2_y2
-1.268616e-002 0 -1
-4.304810e-001 4.636204e-002 
1
2
15 1 6 5 0 -1
15 1 3 5 0 2
haar_x2
8.594647e-003 0 -1
-6.959937e-002 1.383082e-001 
1
2
10 23 4 6 0 -1
10 26 4 3 0 2
haar_y2
8.988078e-004 0 -1
-1.322492e-001 2.698448e-001 
1
2
17 19 2 4 0 -1
17 19 1 4 0 2
haar_x2
5.937668e-003 0 -1
3.980659e-002 -5.729224e-001 
1
2
3 1 6 5 0 -1
6 1 3 5 0 2
haar_x2
8.356614e-003 0 -1
-1.700784e-001 2.095656e-001 
1
2
8 19 8 2 0 -1
8 20 8 1 0 2
haar_y2
-6.896443e-004 0 -1
-3.904635e-001 9.572989e-002 
1
2
0 4 24 12 0 -1
0 8 24 4 0 3
haar_y3
-1.001650e-001 0 -1
5.832415e-001 -6.687845e-002 
1
2
15 10 3 3 0 -1
16 11 1 3 0 3
tilted_haar_y3
4.116784e-004 0 -1
-1.056432e-001 1.579093e-001 
1
3
7 12 4 4 0 -1
7 12 2 2 0 2
9 14 2 2 0 2
haar_x2_y2
2.151617e-004 0 -1
-2.003216e-001 1.776604e-001 
1
3
17 12 4 4 0 -1
19 12 2 2 0 2
17 14 2 2 0 2
haar_x2_y2
2.445587e-003 0 -1
-7.133536e-002 3.809099e-001 
1
3
3 12 4 4 0 -1
3 12 2 2 0 2
5 14 2 2 0 2
haar_x2_y2
1.654101e-003 0 -1
-8.919194e-002 3.748814e-001 
1
2
19 10 5 6 0 -1
19 12 5 2 0 3
haar_y3
-1.387393e-002 0 -1
3.833747e-001 -5.179366e-002 
1
2
1 0 16 32 0 -1
1 16 16 16 0 2
haar_y2
-3.876647e-002 0 -1
1.340791e-001 -2.550509e-001 
1
2
15 10 1 3 0 -1
15 11 1 1 0 3
haar_y3
1.635535e-004 0 -1
4.221950e-002 -1.589150e-001 
1
2
0 0 1 20 0 -1
0 5 1 10 0 2
haar_y4
-2.974466e-003 0 -1
1.548293e-001 -2.330802e-001 
1
2
10 6 5 8 0 -1
10 10 5 4 0 2
haar_y2
-3.944031e-003 0 -1
-2.046550e-001 1.382457e-001 
1
2
1 9 5 3 0 -1
1 10 5 1 0 3
haar_y3
-4.202018e-003 0 -1
-7.179483e-001 4.189266e-002 
1
2
18 0 6 3 0 -1
17 1 6 1 0 3
tilted_haar_x3
-2.364998e-003 0 -1
1.813229e-001 -9.110764e-002 
1
2
6 0 3 6 0 -1
7 1 1 6 0 3
tilted_haar_x3
4.453815e-003 0 -1
-9.486467e-002 3.553765e-001 
1
3
14 2 6 10 0 -1
17 2 3 5 0 2
14 7 3 5 0 2
haar_x2_y2
-2.552739e-002 0 -1
-3.703064e-001 1.683628e-002 
1
2
5 22 3 4 0 -1
5 23 3 2 0 2
haar_y4
4.431465e-004 0 -1
1.080417e-001 -3.156730e-001 
1
2
12 34 3 1 0 -1
13 34 1 1 0 3
haar_x3
2.953174e-004 0 -1
8.706115e-002 -2.391521e-001 
1
2
5 20 4 6 0 -1
6 20 2 6 0 2
haar_x4
1.249400e-003 0 -1
-1.280951e-001 3.037174e-001 
1
2
12 5 6 4 0 -1
12 5 3 4 0 2
tilted_haar_y2
3.980768e-002 0 -1
-1.440253e-002 6.307182e-001 
1
2
12 27 2 4 0 -1
11 28 2 2 0 2
tilted_haar_y4
-2.424025e-003 0 -1
2.746767e-001 -1.206534e-001 
1
2
12 34 3 1 0 -1
13 34 1 1 0 3
haar_x3
-2.789797e-003 0 -1
-8.483818e-001 9.012761e-003 
1
2
1 3 2 6 0 -1
1 5 2 2 0 3
haar_y3
-1.644991e-003 0 -1
2.885831e-001 -1.256424e-001 
1
2
12 34 3 1 0 -1
13 34 1 1 0 3
haar_x3
-3.359946e-004 0 -1
-1.218840e-001 5.163402e-002 
1
2
9 4 8 9 0 -1
9 4 4 9 0 2
tilted_haar_x2
-8.182187e-002 0 -1
-6.762187e-001 4.964929e-002 
1
2
21 4 2 4 0 -1
21 5 2 2 0 2
haar_y4
2.330613e-003 0 -1
-4.318989e-002 2.429282e-001 
1
2
0 1 24 3 0 -1
12 1 12 3 0 2
haar_x2
-2.388533e-002 0 -1
-4.138138e-001 8.359578e-002 
1
2
15 10 1 3 0 -1
15 11 1 1 0 3
haar_y3
7.389717e-006 0 -1
-1.152823e-001 1.350442e-001 
1
2
0 0 4 1 0 -1
2 0 2 1 0 2
haar_x2
-5.209878e-004 0 -1
-3.075235e-001 1.096982e-001 
1
2
10 13 5 3 0 -1
10 14 5 1 0 3
haar_y3
-2.075645e-003 0 -1
-6.286975e-001 4.044707e-002 
1
2
9 13 5 3 0 -1
9 14 5 1 0 3
haar_y3
1.865769e-003 0 -1
4.473875e-002 -7.233510e-001 
1
3
12 30 6 2 0 -1
15 30 3 1 0 2
12 31 3 1 0 2
haar_x2_y2
1.745277e-003 0 -1
-4.785805e-002 3.000726e-001 
1
3
6 30 6 2 0 -1
6 30 3 1 0 2
9 31 3 1 0 2
haar_x2_y2
-1.083929e-003 0 -1
2.941029e-001 -1.185172e-001 
1
2
14 9 2 15 0 -1
14 9 1 15 0 2
haar_x2
2.245041e-003 0 -1
-8.866403e-002 1.498486e-001 
1
2
5 11 5 3 0 -1
4 12 5 1 0 3
tilted_haar_y3
-8.329910e-003 0 -1
3.928439e-001 -8.586731e-002 
1
3
10 11 8 8 0 -1
14 11 4 4 0 2
10 15 4 4 0 2
haar_x2_y2
-1.515939e-002 0 -1
5.512226e-001 -4.118397e-002 
1
2
1 23 4 12 0 -1
1 26 4 6 0 2
haar_y4
-1.151281e-002 0 -1
-5.057029e-001 7.491294e-002 
1
2
2 11 21 20 0 -1
2 16 21 10 0 2
haar_y4
1.333559e-001 0 -1
-8.944759e-002 4.315819e-001 
1
2
8 16 2 9 0 -1
9 16 1 9 0 2
haar_x2
4.673179e-004 0 -1
-2.222625e-001 1.705078e-001 
1
2
15 16 2 2 0 -1
15 16 2 1 0 2
tilted_haar_x2
-2.411330e-004 0 -1
8.243234e-002 -1.078775e-001 
1
2
9 16 2 2 0 -1
9 16 1 2 0 2
tilted_haar_x2
-1.467708e-003 0 -1
-2.775967e-001 1.453925e-001 
1
3
3 17 18 2 0 -1
12 17 9 1 0 2
3 18 9 1 0 2
haar_x2_y2
-1.646298e-003 0 -1
-3.664947e-001 8.999587e-002 
1
2
6 23 8 3 0 -1
5 24 8 1 0 3
tilted_haar_y3
3.001519e-003 0 -1
-1.112996e-001 3.201527e-001 
1
2
7 11 17 4 0 -1
7 12 17 2 0 2
haar_y4
1.851817e-003 0 -1
-7.183466e-002 2.459541e-001 
1
2
8 0 8 3 0 -1
8 1 8 1 0 3
haar_y3
5.798954e-003 0 -1
-5.137746e-002 6.066668e-001 
1
2
10 0 6 4 0 -1
10 1 6 2 0 2
haar_y4
-1.763173e-003 0 -1
2.684402e-001 -7.294768e-002 
1
2
6 14 5 4 0 -1
6 14 5 2 0 2
tilted_haar_y2
3.099233e-003 0 -1
-1.592128e-001 2.211089e-001 
1
2
15 13 2 12 0 -1
15 13 2 6 0 2
tilted_haar_x2
-1.509038e-002 0 -1
2.997537e-001 -5.677963e-002 
1
2
10 11 4 16 0 -1
12 11 2 16 0 2
haar_x2
7.425828e-003 0 -1
-1.156504e-001 3.298603e-001 
1
2
23 9 1 9 0 -1
23 12 1 3 0 3
haar_y3
-2.121654e-003 0 -1
2.383024e-001 -9.387081e-002 
1
2
2 12 3 2 0 -1
3 12 1 2 0 3
haar_x3
8.182700e-004 0 -1
-1.117584e-001 3.388240e-001 
1
2
16 18 8 3 0 -1
16 19 8 1 0 3
haar_y3
-2.873068e-003 0 -1
-4.224817e-001 3.482820e-002 
1
2
0 6 2 6 0 -1
0 8 2 2 0 3
haar_y3
-2.560506e-003 0 -1
2.692763e-001 -1.317488e-001 
1
2
21 0 2 1 0 -1
21 0 1 1 0 2
haar_x2
-3.406437e-004 0 -1
-2.225340e-001 4.882957e-002 
-1.128047e+000

24
-1
