56
1
2
9 9 6 27 0 -1
11 18 2 9 0 9
haar_point
1.422122e-001 0 -1
-1.668433e-001 4.223341e-001 
1
2
2 7 20 12 0 -1
2 10 20 6 0 2
haar_y4
-3.250013e-002 0 -1
3.031362e-001 -1.915383e-001 
1
3
5 19 12 2 0 -1
5 19 6 1 0 2
11 20 6 1 0 2
haar_x2_y2
1.229178e-003 0 -1
1.023841e-001 -4.827330e-001 
1
2
12 19 8 8 0 -1
10 21 8 4 0 2
tilted_haar_x4
4.311202e-002 0 -1
-4.551898e-002 1.313707e-001 
1
2
10 15 6 10 0 -1
12 17 2 10 0 3
tilted_haar_x3
-1.960409e-003 0 -1
2.572886e-001 -1.753868e-001 
1
2
17 6 6 6 0 -1
19 8 2 6 0 3
tilted_haar_y3
2.201800e-002 0 -1
-1.296073e-001 3.295329e-001 
1
2
11 11 2 4 0 -1
11 12 2 2 0 2
haar_y4
7.940072e-006 0 -1
-1.946142e-001 2.121624e-001 
1
2
15 9 8 1 0 -1
17 9 4 1 0 2
haar_x4
7.609305e-004 0 -1
-1.015410e-001 1.452133e-001 
1
2
12 5 3 5 0 -1
13 6 1 5 0 3
tilted_haar_x3
2.092885e-003 0 -1
8.581910e-002 -4.352657e-001 
1
3
9 24 6 2 0 -1
12 24 3 1 0 2
9 25 3 1 0 2
haar_x2_y2
-9.754755e-004 0 -1
-3.957329e-001 7.905820e-002 
1
2
11 22 4 5 0 -1
12 23 2 5 0 2
tilted_haar_x4
-1.527314e-003 0 -1
3.221532e-001 -1.055059e-001 
1
2
15 20 1 4 0 -1
15 21 1 2 0 2
haar_y4
-8.564408e-006 0 -1
9.472973e-002 -6.310664e-002 
1
2
6 23 12 9 0 -1
6 26 12 3 0 3
haar_y3
3.921416e-002 0 -1
-1.191449e-001 2.920384e-001 
1
3
20 29 4 2 0 -1
22 29 2 1 0 2
20 30 2 1 0 2
haar_x2_y2
-1.174114e-003 0 -1
-3.840233e-001 3.267957e-002 
1
2
4 18 4 3 0 -1
4 19 4 1 0 3
haar_y3
9.098189e-004 0 -1
8.071379e-002 -4.323955e-001 
1
2
17 6 6 6 0 -1
19 8 2 6 0 3
tilted_haar_y3
-1.377997e-002 0 -1
3.613150e-001 -6.337242e-002 
1
2
7 6 6 6 0 -1
5 8 6 2 0 3
tilted_haar_y3
1.037836e-002 0 -1
-1.586851e-001 2.305290e-001 
1
2
9 10 8 8 0 -1
9 12 8 4 0 2
haar_y4
1.197472e-002 0 -1
3.390294e-002 -6.973258e-001 
1
2
0 2 24 12 0 -1
0 6 24 4 0 3
haar_y3
-3.130371e-002 0 -1
3.562858e-001 -1.134020e-001 
1
2
12 0 1 8 0 -1
12 4 1 4 0 2
haar_y2
3.419028e-004 0 -1
-1.347888e-001 1.658295e-001 
1
2
6 5 12 1 0 -1
9 5 6 1 0 2
haar_x4
-1.679367e-004 0 -1
2.561360e-001 -1.605954e-001 
1
2
12 1 8 15 0 -1
12 1 4 15 0 2
haar_x2
8.112606e-002 0 -1
-3.699270e-002 2.875817e-001 
1
2
3 2 1 4 0 -1
3 3 1 2 0 2
haar_y4
-6.059248e-004 0 -1
3.649689e-001 -9.301210e-002 
1
2
18 20 4 3 0 -1
18 21 4 1 0 3
haar_y3
-6.349806e-004 0 -1
-2.726460e-001 7.563986e-002 
1
2
4 20 2 3 0 -1
4 21 2 1 0 3
haar_y3
3.323244e-004 0 -1
9.935645e-002 -3.779608e-001 
1
3
0 0 24 14 0 -1
12 0 12 7 0 2
0 7 12 7 0 2
haar_x2_y2
8.831612e-002 0 -1
4.632379e-002 -6.973542e-001 
1
2
0 1 24 3 0 -1
12 1 12 3 0 2
haar_x2
-2.420392e-002 0 -1
-4.486059e-001 8.516795e-002 
1
2
12 16 3 6 0 -1
13 18 1 2 0 9
haar_point
4.447606e-003 0 -1
7.014163e-002 -4.286693e-001 
1
2
12 15 2 3 0 -1
12 15 1 3 0 2
tilted_haar_x2
-4.538764e-004 0 -1
2.019239e-001 -1.716873e-001 
1
2
4 1 18 28 0 -1
4 1 9 28 0 2
haar_x2
2.395034e-001 0 -1
-6.272793e-002 4.370092e-001 
1
2
0 8 2 6 0 -1
0 10 2 2 0 3
haar_y3
-2.488071e-003 0 -1
2.770395e-001 -1.379446e-001 
1
2
0 10 24 4 0 -1
0 11 24 2 0 2
haar_y4
3.547860e-003 0 -1
-1.065606e-001 4.169999e-001 
1
2
7 9 9 5 0 -1
10 12 3 5 0 3
tilted_haar_x3
-3.980424e-002 0 -1
-6.539552e-001 5.986971e-002 
1
2
3 0 21 6 0 -1
3 2 21 2 0 3
haar_y3
3.115134e-002 0 -1
-6.223743e-002 3.083543e-001 
1
2
1 0 21 4 0 -1
1 2 21 2 0 2
haar_y2
-1.640275e-002 0 -1
4.760637e-001 -7.477024e-002 
1
2
4 0 16 12 0 -1
4 3 16 6 0 2
haar_y4
1.438560e-002 0 -1
-2.069025e-001 2.120529e-001 
1
2
2 0 13 12 0 -1
2 4 13 4 0 3
haar_y3
9.867029e-002 0 -1
4.917199e-002 -7.391030e-001 
1
2
14 30 3 3 0 -1
15 31 1 3 0 3
tilted_haar_y3
8.759140e-003 0 -1
-2.831910e-002 4.938965e-001 
1
2
10 28 3 2 0 -1
11 28 1 2 0 3
haar_x3
7.316967e-004 0 -1
1.269968e-001 -2.746540e-001 
1
2
9 22 9 7 0 -1
12 22 3 7 0 3
haar_x3
3.675422e-002 0 -1
3.139956e-002 -3.165494e-001 
1
2
11 20 9 5 0 -1
14 23 3 5 0 3
tilted_haar_x3
5.851020e-002 0 -1
-7.790594e-002 4.736638e-001 
1
2
12 30 6 6 0 -1
14 30 2 6 0 3
haar_x3
-2.528036e-002 0 -1
-4.643598e-001 1.950351e-002 
1
2
5 33 9 3 0 -1
8 34 3 1 0 9
haar_point
-5.772660e-003 0 -1
2.460370e-001 -1.536801e-001 
1
2
8 31 9 5 0 -1
11 31 3 5 0 3
haar_x3
-3.120779e-002 0 -1
-4.246407e-001 5.732255e-002 
1
2
10 22 4 6 0 -1
10 24 4 2 0 3
haar_y3
1.089994e-002 0 -1
-5.151872e-002 6.801550e-001 
1
2
19 18 1 3 0 -1
19 19 1 1 0 3
haar_y3
-3.785543e-004 0 -1
-4.932581e-001 6.711309e-002 
1
2
2 18 3 3 0 -1
2 19 3 1 0 3
haar_y3
6.142384e-004 0 -1
8.948965e-002 -3.911551e-001 
1
2
18 23 4 6 0 -1
18 26 4 3 0 2
haar_y2
-1.519496e-004 0 -1
6.670048e-002 -9.909504e-002 
1
2
0 19 1 4 0 -1
0 21 1 2 0 2
haar_y2
2.089007e-004 0 -1
1.289798e-001 -2.671355e-001 
1
2
14 8 1 4 0 -1
14 9 1 2 0 2
haar_y4
8.263263e-004 0 -1
2.047284e-002 -4.197345e-001 
1
2
7 7 7 2 0 -1
7 7 7 1 0 2
tilted_haar_y2
-4.444078e-005 0 -1
2.569409e-001 -1.275770e-001 
1
2
11 1 8 24 0 -1
11 1 4 24 0 2
haar_x2
7.057640e-002 0 -1
-4.856385e-002 1.884680e-001 
1
2
10 15 3 8 0 -1
10 19 3 4 0 2
haar_y2
9.507732e-003 0 -1
6.338221e-002 -5.566369e-001 
1
2
13 13 3 12 0 -1
13 13 3 6 0 2
tilted_haar_x2
-1.502475e-002 0 -1
1.810271e-001 -3.807297e-002 
1
2
11 26 6 4 0 -1
10 27 6 2 0 2
tilted_haar_y4
-8.415216e-003 0 -1
3.511909e-001 -1.039990e-001 
1
2
2 14 22 16 0 -1
2 22 22 8 0 2
haar_y2
-1.578102e-001 0 -1
6.910202e-001 -3.046931e-002 
-1.067210e+000

28
-1
