27
1
2
0 12 24 2 0 -1
6 12 12 2 0 2
haar_x4
4.078007e-002 0 -1
-2.182885e-001 6.610240e-001 
1
2
10 23 4 12 0 -1
10 29 4 6 0 2
haar_y2
-5.163745e-002 0 -1
6.175429e-001 -1.856306e-001 
1
2
3 20 4 4 0 -1
3 21 4 2 0 2
haar_y4
1.089597e-003 0 -1
1.198986e-001 -5.316258e-001 
1
2
10 18 9 2 0 -1
10 19 9 1 0 2
haar_y2
-1.486001e-003 0 -1
-5.033652e-001 7.854315e-002 
1
2
0 4 1 12 0 -1
0 7 1 6 0 2
haar_y4
-3.834725e-003 0 -1
3.597225e-001 -1.761477e-001 
1
2
17 20 4 2 0 -1
17 21 4 1 0 2
haar_y2
1.322692e-003 0 -1
4.342349e-002 -4.904290e-001 
1
2
3 20 4 2 0 -1
3 21 4 1 0 2
haar_y2
-7.658816e-004 0 -1
-5.147131e-001 1.310584e-001 
1
2
20 2 4 6 0 -1
20 4 4 2 0 3
haar_y3
-4.418264e-003 0 -1
3.015323e-001 -1.159495e-001 
1
2
8 10 4 3 0 -1
8 11 4 1 0 3
haar_y3
-8.966407e-004 0 -1
-5.482087e-001 1.277012e-001 
1
2
11 10 4 2 0 -1
11 11 4 1 0 2
haar_y2
8.967117e-004 0 -1
4.995673e-002 -4.953028e-001 
1
2
2 2 2 6 0 -1
2 4 2 2 0 3
haar_y3
-2.503084e-003 0 -1
4.397769e-001 -1.319183e-001 
1
2
13 18 5 2 0 -1
13 19 5 1 0 2
haar_y2
3.315587e-003 0 -1
4.224721e-002 -8.920926e-001 
1
2
6 18 5 2 0 -1
6 19 5 1 0 2
haar_y2
-4.618768e-004 0 -1
-4.294077e-001 1.398105e-001 
1
3
2 16 20 6 0 -1
12 16 10 3 0 2
2 19 10 3 0 2
haar_x2_y2
1.502660e-002 0 -1
1.037892e-001 -5.656233e-001 
1
2
3 2 18 24 0 -1
3 14 18 12 0 2
haar_y2
1.551375e-001 0 -1
5.763952e-002 -8.485234e-001 
1
3
12 10 2 2 0 -1
13 10 1 1 0 2
12 11 1 1 0 2
haar_x2_y2
7.614627e-004 0 -1
1.329208e-002 -6.149891e-001 
1
3
10 10 2 2 0 -1
10 10 1 1 0 2
11 11 1 1 0 2
haar_x2_y2
-1.878606e-004 0 -1
-4.440094e-001 1.241136e-001 
1
2
4 10 20 6 0 -1
4 12 20 2 0 3
haar_y3
-1.030612e-002 0 -1
3.021062e-001 -1.362682e-001 
1
2
5 8 4 4 0 -1
4 9 4 2 0 2
tilted_haar_y4
3.462913e-003 0 -1
-1.385825e-001 4.068413e-001 
1
2
19 9 4 5 0 -1
20 10 2 5 0 2
tilted_haar_y4
5.170883e-003 0 -1
-9.293990e-002 3.779583e-001 
1
2
5 9 5 4 0 -1
4 10 5 2 0 2
tilted_haar_y4
-6.562842e-003 0 -1
4.059278e-001 -1.678750e-001 
1
2
22 22 2 2 0 -1
22 23 2 1 0 2
haar_y2
4.540488e-004 0 -1
7.689957e-002 -3.405306e-001 
1
2
0 22 2 2 0 -1
0 23 2 1 0 2
haar_y2
4.797648e-004 0 -1
1.051894e-001 -5.255119e-001 
1
2
6 23 12 12 0 -1
6 27 12 4 0 3
haar_y3
4.571570e-002 0 -1
-1.311461e-001 4.222311e-001 
1
2
0 22 5 2 0 -1
0 23 5 1 0 2
haar_y2
-1.528985e-003 0 -1
-5.779229e-001 1.069397e-001 
1
2
16 5 8 3 0 -1
18 7 4 3 0 2
tilted_haar_y4
-2.354367e-002 0 -1
6.398105e-001 -7.283512e-002 
1
2
5 16 10 2 0 -1
5 17 10 1 0 2
haar_y2
-1.323405e-003 0 -1
-4.700874e-001 1.313644e-001 
-1.211920e+000

7
-1
