45
1
2
9 23 6 10 0 -1
9 28 6 5 0 2
haar_y2
-6.398137e-002 0 -1
5.981165e-001 -1.794651e-001 
1
2
12 1 1 12 0 -1
9 4 1 6 0 2
tilted_haar_x4
2.379723e-003 0 -1
-2.196567e-001 1.634635e-001 
1
2
12 1 12 1 0 -1
15 4 6 1 0 2
tilted_haar_x4
2.803998e-003 0 -1
-2.718240e-001 1.909402e-001 
1
2
9 16 6 6 0 -1
9 18 6 2 0 3
haar_y3
4.102678e-003 0 -1
8.710689e-002 -5.292783e-001 
1
2
10 28 3 4 0 -1
9 29 3 2 0 2
tilted_haar_y4
-3.244830e-003 0 -1
2.767557e-001 -1.745894e-001 
1
2
6 0 16 3 0 -1
6 1 16 1 0 3
haar_y3
2.220078e-003 0 -1
-1.512929e-001 2.810031e-001 
1
2
8 5 2 4 0 -1
8 7 2 2 0 2
haar_y2
1.093858e-003 0 -1
8.899697e-002 -4.331396e-001 
1
3
6 22 12 2 0 -1
12 22 6 1 0 2
6 23 6 1 0 2
haar_x2_y2
-1.737718e-003 0 -1
-5.274876e-001 5.897117e-002 
1
2
2 4 2 32 0 -1
2 12 2 16 0 2
haar_y4
-3.093924e-002 0 -1
-4.715898e-001 7.714802e-002 
1
2
9 20 13 9 0 -1
9 23 13 3 0 3
haar_y3
4.275126e-002 0 -1
-2.862367e-002 3.145946e-001 
1
2
2 20 13 9 0 -1
2 23 13 3 0 3
haar_y3
-3.683249e-003 0 -1
3.310150e-001 -1.475212e-001 
1
2
14 10 1 3 0 -1
14 11 1 1 0 3
haar_y3
-1.091737e-003 0 -1
-6.085565e-001 3.139935e-002 
1
2
4 26 4 8 0 -1
5 26 2 8 0 2
haar_x4
-5.762168e-004 0 -1
2.049369e-001 -1.832899e-001 
1
2
12 10 8 2 0 -1
12 10 8 1 0 2
tilted_haar_x2
-1.309286e-003 0 -1
1.184168e-001 -1.102501e-001 
1
2
3 8 17 12 0 -1
3 11 17 6 0 2
haar_y4
-1.824539e-002 0 -1
1.807151e-001 -2.046016e-001 
1
2
18 13 6 22 0 -1
20 13 2 22 0 3
haar_x3
-1.613422e-002 0 -1
2.209045e-001 -1.015211e-001 
1
2
3 12 15 10 0 -1
3 17 15 5 0 2
haar_y2
6.382690e-002 0 -1
6.455144e-002 -7.018116e-001 
1
2
2 6 21 3 0 -1
9 6 7 3 0 3
haar_x3
8.805592e-002 0 -1
-5.350067e-002 7.167169e-001 
1
2
11 10 1 2 0 -1
11 11 1 1 0 2
haar_y2
-2.873911e-004 0 -1
-4.732156e-001 9.767985e-002 
1
2
21 11 1 6 0 -1
21 13 1 2 0 3
haar_y3
-2.395904e-003 0 -1
3.428393e-001 -8.202959e-002 
1
2
0 11 11 4 0 -1
0 12 11 2 0 2
haar_y4
-1.943268e-003 0 -1
2.528019e-001 -1.415840e-001 
1
2
19 11 5 4 0 -1
19 12 5 2 0 2
haar_y4
4.955330e-003 0 -1
-3.265768e-002 4.450486e-001 
1
2
0 11 5 4 0 -1
0 12 5 2 0 2
haar_y4
2.395617e-003 0 -1
-8.207122e-002 5.233938e-001 
1
2
22 33 1 2 0 -1
22 33 1 1 0 2
tilted_haar_x2
5.265203e-004 0 -1
6.755850e-002 -1.213112e-001 
1
2
8 12 6 2 0 -1
8 13 6 1 0 2
haar_y2
2.034000e-003 0 -1
4.213059e-002 -8.189558e-001 
1
2
22 6 1 4 0 -1
22 7 1 2 0 2
haar_y4
-5.596138e-004 0 -1
3.197713e-001 -1.111488e-001 
1
3
0 1 24 14 0 -1
0 1 12 7 0 2
12 8 12 7 0 2
haar_x2_y2
1.151963e-001 0 -1
4.754743e-002 -8.391702e-001 
1
2
13 8 5 3 0 -1
13 9 5 1 0 3
haar_y3
2.075625e-003 0 -1
2.809986e-002 -5.896836e-001 
1
2
0 0 12 14 0 -1
0 7 12 7 0 2
haar_y2
-5.156222e-002 0 -1
2.229271e-001 -1.577263e-001 
1
2
18 14 6 12 0 -1
20 14 2 12 0 3
haar_x3
9.102564e-003 0 -1
-6.587776e-002 2.375250e-001 
1
2
0 14 6 12 0 -1
2 14 2 12 0 3
haar_x3
-1.148142e-002 0 -1
2.993391e-001 -1.295571e-001 
1
2
14 16 10 20 0 -1
14 21 10 10 0 2
haar_y4
-1.019684e-003 0 -1
-1.763429e-001 7.680041e-002 
1
3
4 20 10 6 0 -1
4 20 5 3 0 2
9 23 5 3 0 2
haar_x2_y2
8.572794e-003 0 -1
8.353635e-002 -4.602695e-001 
1
2
13 30 2 4 0 -1
12 31 2 2 0 2
tilted_haar_x4
-1.719170e-003 0 -1
1.638722e-001 -1.280037e-001 
1
2
2 33 2 1 0 -1
2 33 1 1 0 2
tilted_haar_x2
8.921051e-004 0 -1
8.655533e-002 -4.548905e-001 
1
2
5 21 16 9 0 -1
5 24 16 3 0 3
haar_y3
4.053557e-002 0 -1
-9.218667e-002 3.779468e-001 
1
2
8 29 6 6 0 -1
10 31 2 2 0 9
haar_point
2.869750e-002 0 -1
-5.748947e-002 7.013080e-001 
1
2
19 13 2 4 0 -1
19 14 2 2 0 2
haar_y4
7.923881e-004 0 -1
-7.655750e-002 3.311727e-001 
1
2
3 19 15 3 0 -1
3 20 15 1 0 3
haar_y3
2.705386e-003 0 -1
7.939742e-002 -5.163777e-001 
1
3
18 5 4 2 0 -1
20 5 2 1 0 2
18 6 2 1 0 2
haar_x2_y2
-6.251055e-004 0 -1
2.773289e-001 -8.467574e-002 
1
2
11 30 4 2 0 -1
12 31 2 2 0 2
tilted_haar_x4
-1.216213e-003 0 -1
2.217945e-001 -1.736927e-001 
1
3
17 13 4 2 0 -1
19 13 2 1 0 2
17 14 2 1 0 2
haar_x2_y2
-9.060496e-004 0 -1
2.928460e-001 -6.749326e-002 
1
2
2 3 10 13 0 -1
7 3 5 13 0 2
haar_x2
7.361872e-002 0 -1
-1.464092e-001 2.956574e-001 
1
2
15 0 3 7 0 -1
16 0 1 7 0 3
haar_x3
5.248791e-003 0 -1
4.218718e-002 -4.487096e-001 
1
2
0 5 10 12 0 -1
5 5 5 12 0 2
haar_x2
1.506145e-001 0 -1
4.936822e-002 -8.354313e-001 
-1.081592e+000

14
-1
