49
1
2
5 11 4 3 0 -1
4 12 4 1 0 3
tilted_haar_y3
-6.834625e-003 0 -1
4.942524e-001 -1.431281e-001 
1
2
3 11 18 24 0 -1
9 19 6 8 0 9
haar_point
3.724217e-001 0 -1
-2.047925e-001 2.959430e-001 
1
2
1 32 14 2 0 -1
8 32 7 2 0 2
haar_x2
-9.929756e-003 0 -1
3.020172e-001 -1.932281e-001 
1
2
14 7 3 3 0 -1
14 8 3 1 0 3
haar_y3
-1.060319e-003 0 -1
-4.719517e-001 2.036533e-002 
1
2
6 13 3 3 0 -1
5 14 3 1 0 3
tilted_haar_y3
1.631305e-003 0 -1
-1.198122e-001 3.421142e-001 
1
2
20 7 4 8 0 -1
21 8 2 8 0 2
tilted_haar_y4
7.247213e-003 0 -1
-1.027341e-001 3.493000e-001 
1
2
3 8 9 3 0 -1
2 9 9 1 0 3
tilted_haar_y3
4.180865e-003 0 -1
-1.211676e-001 3.672515e-001 
1
2
4 3 18 14 0 -1
4 10 18 7 0 2
haar_y2
-4.450436e-002 0 -1
1.567609e-001 -2.396573e-001 
1
2
4 22 4 3 0 -1
4 23 4 1 0 3
haar_y3
9.389123e-004 0 -1
7.836099e-002 -5.031114e-001 
1
2
14 15 4 7 0 -1
14 15 2 7 0 2
haar_x2
-9.739805e-003 0 -1
4.430596e-001 -1.757964e-002 
1
2
6 15 4 7 0 -1
8 15 2 7 0 2
haar_x2
1.672227e-003 0 -1
-2.304799e-001 1.678367e-001 
1
2
16 20 6 8 0 -1
14 22 6 4 0 2
tilted_haar_x4
-3.963151e-002 0 -1
5.695202e-001 -1.807234e-002 
1
2
8 20 8 6 0 -1
10 22 4 6 0 2
tilted_haar_x4
-1.267694e-002 0 -1
4.872548e-001 -9.069314e-002 
1
3
16 0 6 4 0 -1
19 0 3 2 0 2
16 2 3 2 0 2
haar_x2_y2
3.946767e-003 0 -1
-9.383082e-002 3.512330e-001 
1
2
0 7 1 6 0 -1
0 9 1 2 0 3
haar_y3
-1.223588e-003 0 -1
2.856626e-001 -1.359773e-001 
1
2
18 21 1 3 0 -1
18 22 1 1 0 3
haar_y3
3.138852e-004 0 -1
6.690414e-002 -4.266497e-001 
1
2
5 21 1 3 0 -1
5 22 1 1 0 3
haar_y3
4.816235e-004 0 -1
6.463277e-002 -6.500598e-001 
1
3
17 0 4 2 0 -1
19 0 2 1 0 2
17 1 2 1 0 2
haar_x2_y2
-1.033364e-003 0 -1
3.539822e-001 -6.700809e-002 
1
2
0 2 6 32 0 -1
0 10 6 16 0 2
haar_y4
-1.067513e-001 0 -1
-6.213300e-001 6.473111e-002 
1
3
17 0 4 2 0 -1
19 0 2 1 0 2
17 1 2 1 0 2
haar_x2_y2
3.984946e-003 0 -1
7.466829e-003 -5.147801e-001 
1
3
3 0 4 2 0 -1
3 0 2 1 0 2
5 1 2 1 0 2
haar_x2_y2
9.448786e-004 0 -1
-9.594519e-002 4.061565e-001 
1
2
16 31 4 2 0 -1
17 31 2 2 0 2
haar_x4
3.776261e-003 0 -1
-3.868964e-002 5.114123e-001 
1
3
1 2 8 2 0 -1
1 2 4 1 0 2
5 3 4 1 0 2
haar_x2_y2
1.303091e-003 0 -1
-1.244408e-001 3.153244e-001 
1
2
12 0 3 5 0 -1
13 0 1 5 0 3
haar_x3
3.948800e-003 0 -1
4.768004e-002 -7.486956e-001 
1
2
0 8 2 12 0 -1
0 11 2 6 0 2
haar_y4
-1.120347e-002 0 -1
4.448602e-001 -9.879399e-002 
1
2
12 0 3 5 0 -1
13 0 1 5 0 3
haar_x3
-3.786412e-003 0 -1
-4.827752e-001 2.410830e-002 
1
2
4 31 4 2 0 -1
5 31 2 2 0 2
haar_x4
3.572506e-003 0 -1
-5.777218e-002 6.811268e-001 
1
2
19 2 5 6 0 -1
19 5 5 3 0 2
haar_y2
-1.742949e-002 0 -1
3.478737e-001 -5.342578e-002 
1
2
9 0 3 5 0 -1
10 0 1 5 0 3
haar_x3
-2.522949e-003 0 -1
-6.318755e-001 6.539357e-002 
1
2
0 8 24 8 0 -1
0 10 24 4 0 2
haar_y4
1.569667e-002 0 -1
-7.968923e-002 4.883256e-001 
1
2
0 11 24 9 0 -1
0 14 24 3 0 3
haar_y3
7.721506e-003 0 -1
-1.125576e-001 3.480680e-001 
1
2
22 10 2 7 0 -1
22 10 1 7 0 2
haar_x2
2.491316e-003 0 -1
-2.263244e-002 1.512257e-001 
1
2
1 20 4 2 0 -1
1 21 4 1 0 2
haar_y2
-9.439092e-004 0 -1
-4.916048e-001 7.427616e-002 
1
2
21 0 3 8 0 -1
22 0 1 8 0 3
haar_x3
8.387155e-003 0 -1
2.932265e-002 -7.948478e-001 
1
2
0 0 3 8 0 -1
1 0 1 8 0 3
haar_x3
5.260421e-003 0 -1
5.334531e-002 -6.077610e-001 
1
3
15 15 8 6 0 -1
19 15 4 3 0 2
15 18 4 3 0 2
haar_x2_y2
1.502575e-003 0 -1
-7.729822e-002 1.029392e-001 
1
2
10 20 3 7 0 -1
11 21 1 7 0 3
tilted_haar_x3
-4.278588e-004 0 -1
2.547733e-001 -1.473808e-001 
1
2
17 21 6 6 0 -1
15 23 6 2 0 3
tilted_haar_x3
-9.762881e-004 0 -1
1.258985e-001 -6.496491e-002 
1
2
7 21 6 6 0 -1
9 23 2 6 0 3
tilted_haar_x3
3.140163e-002 0 -1
-9.299356e-002 5.562111e-001 
1
2
12 18 6 3 0 -1
12 18 3 3 0 2
tilted_haar_y2
-1.242801e-002 0 -1
2.235709e-001 -3.415032e-002 
1
2
11 13 9 4 0 -1
14 16 3 4 0 3
tilted_haar_x3
5.103583e-003 0 -1
-2.227088e-001 1.688434e-001 
1
2
12 2 6 4 0 -1
14 4 2 4 0 3
tilted_haar_y3
3.373634e-002 0 -1
-1.356022e-002 8.152938e-001 
1
2
12 2 4 6 0 -1
10 4 4 2 0 3
tilted_haar_y3
-1.074914e-003 0 -1
2.857393e-001 -1.434424e-001 
1
2
22 8 2 12 0 -1
22 8 1 12 0 2
haar_x2
-2.231459e-002 0 -1
7.488956e-001 1.184238e-003 
1
2
0 7 2 13 0 -1
1 7 1 13 0 2
haar_x2
-8.191090e-003 0 -1
-6.131886e-001 5.851394e-002 
1
2
11 7 5 4 0 -1
11 8 5 2 0 2
haar_y4
2.143077e-003 0 -1
3.569555e-002 -4.557582e-001 
1
2
4 7 7 4 0 -1
3 8 7 2 0 2
tilted_haar_y4
8.608453e-003 0 -1
-7.131469e-002 5.146117e-001 
1
2
9 8 14 4 0 -1
9 10 14 2 0 2
haar_y2
-3.196216e-003 0 -1
8.612973e-002 -1.053536e-001 
1
2
0 5 9 8 0 -1
3 5 3 8 0 3
haar_x3
-1.054266e-002 0 -1
2.666740e-001 -1.484646e-001 
-1.107434e+000

18
-1
