53
1
2
0 2 6 12 0 -1
0 6 6 4 0 3
haar_y3
3.522475e-002 0 -1
-1.414827e-001 5.345438e-001 
1
2
6 20 13 12 0 -1
6 24 13 4 0 3
haar_y3
6.156916e-002 0 -1
-1.636613e-001 3.288676e-001 
1
2
0 5 2 4 0 -1
0 6 2 2 0 2
haar_y4
-3.232183e-004 0 -1
2.174972e-001 -1.864443e-001 
1
2
6 32 12 3 0 -1
10 33 4 1 0 9
haar_point
-2.017049e-002 0 -1
3.460534e-001 -8.518952e-002 
1
2
5 4 3 5 0 -1
6 5 1 5 0 3
tilted_haar_x3
-3.848474e-003 0 -1
2.870026e-001 -1.429334e-001 
1
2
6 23 13 9 0 -1
6 26 13 3 0 3
haar_y3
-1.433249e-002 0 -1
4.359156e-001 -7.630541e-002 
1
2
3 22 5 3 0 -1
3 23 5 1 0 3
haar_y3
-1.174363e-003 0 -1
-4.729532e-001 8.628628e-002 
1
2
11 26 3 2 0 -1
12 26 1 2 0 3
haar_x3
-1.033005e-003 0 -1
-2.762362e-001 4.120187e-002 
1
2
3 6 16 12 0 -1
3 12 16 6 0 2
haar_y2
-2.883083e-002 0 -1
1.443393e-001 -2.334860e-001 
1
2
17 19 4 4 0 -1
17 19 2 4 0 2
haar_x2
1.055295e-003 0 -1
-7.639162e-002 5.877260e-002 
1
2
0 2 17 24 0 -1
0 10 17 8 0 3
haar_y3
-2.710680e-001 0 -1
-6.509299e-001 5.075429e-002 
1
2
16 31 3 2 0 -1
17 32 1 2 0 3
tilted_haar_y3
4.253098e-003 0 -1
-3.702465e-002 2.687692e-001 
1
2
8 31 2 3 0 -1
7 32 2 1 0 3
tilted_haar_y3
-2.986308e-003 0 -1
3.923817e-001 -8.936543e-002 
1
3
4 20 16 2 0 -1
12 20 8 1 0 2
4 21 8 1 0 2
haar_x2_y2
1.820821e-003 0 -1
6.756980e-002 -5.142061e-001 
1
2
7 1 3 4 0 -1
8 2 1 4 0 3
tilted_haar_x3
4.888851e-003 0 -1
-7.860908e-002 4.467897e-001 
1
3
10 11 8 10 0 -1
14 11 4 5 0 2
10 16 4 5 0 2
haar_x2_y2
-5.635424e-003 0 -1
2.171907e-001 -8.331309e-002 
1
2
3 10 3 3 0 -1
4 11 1 3 0 3
tilted_haar_x3
-3.242175e-003 0 -1
3.392086e-001 -9.112168e-002 
1
2
15 9 1 6 0 -1
15 9 1 3 0 2
tilted_haar_x2
9.745105e-003 0 -1
-1.492665e-002 3.880687e-001 
1
2
9 23 3 4 0 -1
10 23 1 4 0 3
haar_x3
-1.803822e-003 0 -1
-5.060260e-001 6.640028e-002 
1
2
12 30 6 4 0 -1
14 30 2 4 0 3
haar_x3
-6.266489e-003 0 -1
2.039676e-001 -7.580072e-002 
1
2
9 34 3 2 0 -1
10 34 1 2 0 3
haar_x3
-3.160856e-003 0 -1
-8.216327e-001 4.083721e-002 
1
2
15 0 4 13 0 -1
15 0 2 13 0 2
tilted_haar_y2
-5.257879e-002 0 -1
-8.846290e-001 8.508667e-004 
1
3
8 0 8 26 0 -1
8 0 4 13 0 2
12 13 4 13 0 2
haar_x2_y2
-4.523189e-002 0 -1
5.216784e-001 -6.123185e-002 
1
2
13 15 4 2 0 -1
13 15 4 1 0 2
tilted_haar_x2
4.913516e-003 0 -1
-5.019954e-003 5.806994e-001 
1
2
11 15 2 4 0 -1
11 15 1 4 0 2
tilted_haar_x2
-5.439522e-004 0 -1
1.497191e-001 -2.594768e-001 
1
2
18 20 4 4 0 -1
18 20 2 4 0 2
haar_x2
-1.110270e-002 0 -1
5.843750e-001 -2.611775e-002 
1
2
2 20 4 4 0 -1
4 20 2 4 0 2
haar_x2
4.596484e-003 0 -1
-1.022377e-001 3.871022e-001 
1
3
12 17 2 10 0 -1
13 17 1 5 0 2
12 22 1 5 0 2
haar_x2_y2
-4.765814e-003 0 -1
-5.686442e-001 2.396190e-002 
1
2
4 12 14 3 0 -1
3 13 14 1 0 3
tilted_haar_y3
7.731372e-003 0 -1
-7.765628e-002 4.539686e-001 
1
3
7 17 10 4 0 -1
12 17 5 2 0 2
7 19 5 2 0 2
haar_x2_y2
2.755098e-003 0 -1
8.480086e-002 -4.122832e-001 
1
2
0 13 1 2 0 -1
0 14 1 1 0 2
haar_y2
8.279465e-004 0 -1
-7.741591e-002 4.442679e-001 
1
2
15 5 9 5 0 -1
18 8 3 5 0 3
tilted_haar_y3
2.486590e-002 0 -1
-9.278250e-002 1.741600e-001 
1
2
9 5 5 9 0 -1
6 8 5 3 0 3
tilted_haar_y3
-3.289308e-002 0 -1
3.858492e-001 -9.913556e-002 
1
3
4 5 16 4 0 -1
12 5 8 2 0 2
4 7 8 2 0 2
haar_x2_y2
-6.372097e-003 0 -1
-4.696826e-001 7.793900e-002 
1
2
6 30 6 4 0 -1
8 30 2 4 0 3
haar_x3
-7.429453e-004 0 -1
1.740029e-001 -1.935011e-001 
1
2
9 32 6 1 0 -1
11 32 2 1 0 3
haar_x3
-6.659967e-004 0 -1
2.254899e-001 -1.511214e-001 
1
2
5 21 12 6 0 -1
5 23 12 2 0 3
haar_y3
-8.254764e-004 0 -1
2.104176e-001 -1.686953e-001 
1
3
22 34 2 2 0 -1
23 34 1 1 0 2
22 35 1 1 0 2
haar_x2_y2
1.072381e-004 0 -1
8.351339e-002 -1.958694e-001 
1
2
6 11 7 3 0 -1
5 12 7 1 0 3
tilted_haar_y3
3.985186e-003 0 -1
-8.784309e-002 3.571891e-001 
1
3
22 34 2 2 0 -1
23 34 1 1 0 2
22 35 1 1 0 2
haar_x2_y2
-2.404178e-004 0 -1
-3.197083e-001 7.968527e-002 
1
2
3 19 18 10 0 -1
12 19 9 10 0 2
haar_x2
1.005628e-001 0 -1
-8.201145e-002 3.967356e-001 
1
2
9 3 8 3 0 -1
9 3 4 3 0 2
haar_x2
-4.934735e-003 0 -1
-1.663105e-001 4.264134e-002 
1
2
8 3 8 2 0 -1
10 3 4 2 0 2
haar_x4
-3.446697e-004 0 -1
2.039413e-001 -1.602637e-001 
1
2
18 0 1 26 0 -1
18 13 1 13 0 2
haar_y2
-2.886309e-002 0 -1
-5.686760e-001 2.620572e-002 
1
2
0 1 2 22 0 -1
1 1 1 22 0 2
haar_x2
4.744884e-003 0 -1
9.171257e-002 -3.275205e-001 
1
2
14 19 2 10 0 -1
14 19 2 5 0 2
tilted_haar_x2
6.020708e-002 0 -1
7.835961e-003 -8.526488e-001 
1
2
10 19 10 2 0 -1
10 19 5 2 0 2
tilted_haar_x2
2.681629e-002 0 -1
-9.621488e-002 3.360230e-001 
1
3
22 34 2 2 0 -1
23 34 1 1 0 2
22 35 1 1 0 2
haar_x2_y2
-1.476272e-003 0 -1
-6.897908e-001 1.719485e-002 
1
2
4 18 3 15 0 -1
5 23 1 5 0 9
haar_point
4.095535e-002 0 -1
-4.818473e-002 6.939242e-001 
1
3
22 31 2 2 0 -1
23 31 1 1 0 2
22 32 1 1 0 2
haar_x2_y2
-1.108951e-004 0 -1
-2.130685e-001 1.007874e-001 
1
3
0 31 2 2 0 -1
0 31 1 1 0 2
1 32 1 1 0 2
haar_x2_y2
-1.121693e-004 0 -1
-3.089396e-001 1.047777e-001 
1
2
20 0 4 9 0 -1
20 3 4 3 0 3
haar_y3
1.469357e-002 0 -1
-6.308619e-002 2.616069e-001 
1
2
0 0 4 9 0 -1
0 3 4 3 0 3
haar_y3
-3.299389e-003 0 -1
2.832850e-001 -1.328970e-001 
-9.840137e-001

25
-1
