55
1
2
6 5 8 6 0 -1
4 7 8 2 0 3
tilted_haar_y3
1.604103e-002 0 -1
-2.081896e-001 3.986749e-001 
1
2
4 12 17 20 0 -1
4 17 17 10 0 2
haar_y4
1.016293e-001 0 -1
-1.597088e-001 3.295100e-001 
1
2
6 4 9 6 0 -1
6 4 9 3 0 2
tilted_haar_y2
4.777694e-002 0 -1
-1.947544e-001 2.325956e-001 
1
2
7 21 13 6 0 -1
7 23 13 2 0 3
haar_y3
2.487284e-004 0 -1
1.378644e-001 -2.179847e-001 
1
2
7 19 5 3 0 -1
7 20 5 1 0 3
haar_y3
1.045566e-003 0 -1
6.649006e-002 -4.973953e-001 
1
2
12 31 1 4 0 -1
11 32 1 2 0 2
tilted_haar_x4
-1.070153e-003 0 -1
1.004235e-001 -6.973708e-002 
1
2
0 0 24 3 0 -1
12 0 12 3 0 2
haar_x2
2.937350e-002 0 -1
8.015222e-002 -4.028412e-001 
1
2
18 1 5 3 0 -1
17 2 5 1 0 3
tilted_haar_x3
8.911338e-003 0 -1
-4.439138e-002 5.096821e-001 
1
2
5 9 14 1 0 -1
12 9 7 1 0 2
haar_x2
-4.258296e-003 0 -1
-4.207211e-001 8.836165e-002 
1
2
21 3 3 6 0 -1
21 5 3 2 0 3
haar_y3
-6.031047e-003 0 -1
3.223293e-001 -6.502281e-002 
1
2
6 11 16 1 0 -1
6 11 8 1 0 2
tilted_haar_x2
8.133739e-003 0 -1
-1.224612e-001 2.854874e-001 
1
2
7 10 10 12 0 -1
7 13 10 6 0 2
haar_y4
-2.822372e-003 0 -1
1.496887e-001 -2.555109e-001 
1
2
7 28 6 2 0 -1
7 28 6 1 0 2
tilted_haar_y2
-1.222830e-003 0 -1
2.405521e-001 -1.448642e-001 
1
2
16 21 5 6 0 -1
16 23 5 2 0 3
haar_y3
-6.932463e-003 0 -1
-4.870364e-001 4.366733e-002 
1
2
0 3 1 8 0 -1
0 5 1 4 0 2
haar_y4
-2.733159e-003 0 -1
4.108358e-001 -8.781601e-002 
1
2
18 1 5 3 0 -1
17 2 5 1 0 3
tilted_haar_x3
-4.775673e-003 0 -1
3.268638e-001 -4.590529e-002 
1
2
6 1 3 5 0 -1
7 2 1 5 0 3
tilted_haar_x3
3.252344e-003 0 -1
-1.152640e-001 3.284348e-001 
1
2
15 0 3 5 0 -1
16 0 1 5 0 3
haar_x3
2.495523e-003 0 -1
4.598962e-002 -2.734305e-001 
1
2
6 0 3 5 0 -1
7 0 1 5 0 3
haar_x3
-1.711078e-003 0 -1
-4.664080e-001 9.506012e-002 
1
2
11 33 3 2 0 -1
12 33 1 2 0 3
haar_x3
-3.979430e-003 0 -1
-9.128097e-001 1.201428e-002 
1
2
10 33 3 2 0 -1
11 33 1 2 0 3
haar_x3
-1.402585e-003 0 -1
-4.508118e-001 7.808308e-002 
1
2
16 21 5 6 0 -1
16 23 5 2 0 3
haar_y3
3.770420e-003 0 -1
5.471054e-002 -2.991463e-001 
1
2
12 15 12 9 0 -1
15 18 6 9 0 2
tilted_haar_x4
7.306239e-002 0 -1
-1.348183e-001 2.709046e-001 
1
2
15 7 2 3 0 -1
15 8 2 1 0 3
haar_y3
8.122846e-004 0 -1
3.094845e-002 -2.945374e-001 
1
2
9 14 5 14 0 -1
9 21 5 7 0 2
haar_y2
5.403823e-002 0 -1
4.288844e-002 -8.416840e-001 
1
2
13 33 6 3 0 -1
15 34 2 1 0 9
haar_point
-5.009821e-003 0 -1
1.670902e-001 -7.244049e-002 
1
2
5 33 6 3 0 -1
7 34 2 1 0 9
haar_point
-3.580236e-004 0 -1
1.874624e-001 -1.868885e-001 
1
2
8 34 9 1 0 -1
11 34 3 1 0 3
haar_x3
-1.362541e-003 0 -1
1.860192e-001 -1.334334e-001 
1
3
3 28 12 4 0 -1
3 28 6 2 0 2
9 30 6 2 0 2
haar_x2_y2
3.570649e-003 0 -1
-8.725111e-002 3.986572e-001 
1
3
5 16 16 2 0 -1
13 16 8 1 0 2
5 17 8 1 0 2
haar_x2_y2
-3.838119e-003 0 -1
-5.694088e-001 4.829442e-002 
1
2
3 30 3 2 0 -1
4 30 1 2 0 3
haar_x3
3.521581e-003 0 -1
-4.533629e-002 7.245279e-001 
1
2
17 35 6 1 0 -1
17 35 3 1 0 2
haar_x2
2.482010e-003 0 -1
6.027085e-002 -3.962008e-001 
1
2
4 6 5 24 0 -1
4 12 5 12 0 2
haar_y4
-8.443886e-002 0 -1
-8.808426e-001 3.463584e-002 
1
2
17 35 6 1 0 -1
17 35 3 1 0 2
haar_x2
-2.211428e-003 0 -1
1.503837e-001 -5.023193e-002 
1
2
1 35 6 1 0 -1
4 35 3 1 0 2
haar_x2
2.140925e-003 0 -1
8.911366e-002 -4.060382e-001 
1
2
17 27 4 4 0 -1
18 28 2 4 0 2
tilted_haar_y4
3.015463e-003 0 -1
-7.309875e-002 2.510246e-001 
1
2
7 27 4 4 0 -1
6 28 4 2 0 2
tilted_haar_y4
7.883535e-003 0 -1
-5.777961e-002 5.659046e-001 
1
2
9 15 8 3 0 -1
9 16 8 1 0 3
haar_y3
-3.828667e-003 0 -1
-7.328126e-001 3.416288e-002 
1
2
1 11 22 4 0 -1
1 13 22 2 0 2
haar_y2
-1.396387e-002 0 -1
3.102860e-001 -1.078257e-001 
1
2
0 3 24 15 0 -1
0 8 24 5 0 3
haar_y3
-6.368531e-002 0 -1
2.725832e-001 -1.483083e-001 
1
2
6 19 4 5 0 -1
8 19 2 5 0 2
haar_x2
6.850741e-004 0 -1
-2.515521e-001 1.501257e-001 
1
2
12 15 1 12 0 -1
9 18 1 6 0 2
tilted_haar_x4
2.778932e-003 0 -1
-4.808333e-002 9.831968e-002 
1
2
12 15 12 1 0 -1
15 18 6 1 0 2
tilted_haar_x4
7.079084e-003 0 -1
-8.801296e-002 3.979035e-001 
1
2
9 2 12 5 0 -1
13 2 4 5 0 3
haar_x3
-5.761719e-002 0 -1
-1.000000e+000 8.743893e-003 
1
2
3 2 12 5 0 -1
7 2 4 5 0 3
haar_x3
1.777261e-002 0 -1
-1.256917e-001 2.686840e-001 
1
2
18 15 3 1 0 -1
19 15 1 1 0 3
haar_x3
7.933432e-004 0 -1
-5.557213e-002 3.678354e-001 
1
2
9 33 3 3 0 -1
10 34 1 1 0 9
haar_point
-5.404586e-004 0 -1
1.994790e-001 -1.681081e-001 
1
2
18 16 3 14 0 -1
19 16 1 14 0 3
haar_x3
-2.054918e-003 0 -1
1.596205e-001 -8.818498e-002 
1
2
3 16 3 14 0 -1
4 16 1 14 0 3
haar_x3
3.915817e-003 0 -1
-8.208576e-002 4.514081e-001 
1
2
16 0 3 10 0 -1
17 0 1 10 0 3
haar_x3
-1.333619e-002 0 -1
-8.018578e-001 1.299660e-002 
1
2
5 0 3 10 0 -1
6 0 1 10 0 3
haar_x3
5.720451e-003 0 -1
6.516434e-002 -5.283235e-001 
1
2
15 9 2 1 0 -1
15 9 1 1 0 2
haar_x2
-1.694744e-003 0 -1
-9.613880e-001 5.846020e-003 
1
2
11 13 8 6 0 -1
11 13 4 6 0 2
tilted_haar_x2
3.521890e-002 0 -1
-7.148577e-002 4.960344e-001 
1
2
19 8 4 6 0 -1
20 9 2 6 0 2
tilted_haar_y4
4.683587e-003 0 -1
-8.667675e-002 2.514141e-001 
1
2
5 8 6 4 0 -1
4 9 6 2 0 2
tilted_haar_y4
-9.962242e-003 0 -1
3.495488e-001 -1.034237e-001 
-1.082736e+000

21
-1
