58
1
2
6 27 12 9 0 -1
10 30 4 3 0 9
haar_point
-8.676094e-002 0 -1
3.924644e-001 -1.720756e-001 
1
2
12 8 2 9 0 -1
12 8 1 9 0 2
tilted_haar_y2
-1.807473e-003 0 -1
1.285749e-001 -1.152372e-001 
1
2
9 6 11 2 0 -1
9 6 11 1 0 2
tilted_haar_y2
-4.403020e-004 0 -1
1.895609e-001 -2.588376e-001 
1
2
8 23 8 2 0 -1
8 24 8 1 0 2
haar_y2
-1.346373e-003 0 -1
-4.700523e-001 9.647645e-002 
1
2
5 9 14 12 0 -1
5 12 14 6 0 2
haar_y4
-7.850303e-003 0 -1
7.794002e-002 -3.172898e-001 
1
3
3 16 18 4 0 -1
12 16 9 2 0 2
3 18 9 2 0 2
haar_x2_y2
1.266467e-002 0 -1
6.224595e-002 -6.769616e-001 
1
2
7 0 12 2 0 -1
7 0 12 1 0 2
tilted_haar_y2
4.785309e-003 0 -1
8.240414e-002 -3.807889e-001 
1
3
14 1 8 2 0 -1
18 1 4 1 0 2
14 2 4 1 0 2
haar_x2_y2
1.479915e-003 0 -1
-8.881360e-002 2.562361e-001 
1
3
2 1 8 2 0 -1
2 1 4 1 0 2
6 2 4 1 0 2
haar_x2_y2
-1.563606e-003 0 -1
4.240116e-001 -8.721299e-002 
1
2
0 0 24 9 0 -1
0 0 12 9 0 2
haar_x2
5.074414e-002 0 -1
9.421912e-002 -3.532287e-001 
1
3
0 0 24 12 0 -1
0 0 12 6 0 2
12 6 12 6 0 2
haar_x2_y2
-8.894269e-002 0 -1
-8.021948e-001 4.497613e-002 
1
2
17 16 7 20 0 -1
17 21 7 10 0 2
haar_y4
7.300407e-002 0 -1
2.966860e-002 -5.218111e-001 
1
2
0 0 3 2 0 -1
1 0 1 2 0 3
haar_x3
8.782515e-004 0 -1
8.892768e-002 -3.820803e-001 
1
2
6 23 12 4 0 -1
6 24 12 2 0 2
haar_y4
-1.345063e-005 0 -1
1.973551e-001 -1.747502e-001 
1
2
4 21 15 8 0 -1
4 23 15 4 0 2
haar_y4
2.241110e-002 0 -1
-9.801754e-002 3.920625e-001 
1
2
12 28 2 4 0 -1
12 28 2 2 0 2
tilted_haar_x2
8.538824e-003 0 -1
-6.838957e-002 1.767403e-001 
1
2
3 18 4 15 0 -1
3 23 4 5 0 3
haar_y3
3.635463e-002 0 -1
6.668200e-002 -5.432214e-001 
1
2
17 13 5 4 0 -1
17 14 5 2 0 2
haar_y4
-3.329030e-003 0 -1
3.169444e-001 -4.964367e-002 
1
2
8 3 8 2 0 -1
12 3 4 2 0 2
haar_x2
3.404554e-003 0 -1
9.692083e-002 -3.806147e-001 
1
2
20 9 1 6 0 -1
20 11 1 2 0 3
haar_y3
-3.124162e-003 0 -1
3.997188e-001 -6.717212e-002 
1
2
0 4 2 4 0 -1
0 5 2 2 0 2
haar_y4
-2.298185e-003 0 -1
5.758643e-001 -5.504873e-002 
1
2
22 6 1 4 0 -1
22 7 1 2 0 2
haar_y4
-4.197863e-004 0 -1
2.806495e-001 -9.457926e-002 
1
2
2 0 2 1 0 -1
2 0 1 1 0 2
tilted_haar_x2
-1.116511e-003 0 -1
-3.915194e-001 8.862185e-002 
1
2
19 17 4 2 0 -1
20 18 2 2 0 2
tilted_haar_y4
-3.049998e-003 0 -1
1.738934e-001 -4.628553e-002 
1
2
5 17 2 4 0 -1
4 18 2 2 0 2
tilted_haar_y4
4.029619e-003 0 -1
-6.371842e-002 5.275728e-001 
1
3
1 23 22 2 0 -1
12 23 11 1 0 2
1 24 11 1 0 2
haar_x2_y2
-4.415885e-003 0 -1
-6.740004e-001 5.270127e-002 
1
2
2 18 3 3 0 -1
3 18 1 3 0 3
haar_x3
-1.811712e-003 0 -1
3.580239e-001 -9.366947e-002 
1
2
16 11 1 3 0 -1
15 12 1 1 0 3
tilted_haar_x3
1.732492e-003 0 -1
2.685140e-002 -2.655873e-001 
1
2
8 11 3 1 0 -1
9 12 1 1 0 3
tilted_haar_x3
2.472185e-003 0 -1
4.509585e-002 -7.382207e-001 
1
2
18 2 4 4 0 -1
18 3 4 2 0 2
haar_y4
-8.730788e-004 0 -1
1.404104e-001 -7.577407e-002 
1
2
3 9 1 6 0 -1
3 11 1 2 0 3
haar_y3
-2.539862e-003 0 -1
3.733790e-001 -8.252669e-002 
1
2
12 10 7 2 0 -1
12 10 7 1 0 2
tilted_haar_x2
-5.585824e-003 0 -1
-2.673874e-001 3.620263e-002 
1
2
12 10 2 7 0 -1
12 10 1 7 0 2
tilted_haar_x2
-8.976733e-005 0 -1
1.267104e-001 -2.822722e-001 
1
2
11 23 5 6 0 -1
11 25 5 2 0 3
haar_y3
-3.408510e-003 0 -1
3.167785e-001 -7.747557e-002 
1
2
6 20 11 16 0 -1
6 24 11 8 0 2
haar_y4
1.800603e-002 0 -1
-1.956424e-001 1.649613e-001 
1
2
9 10 8 3 0 -1
9 11 8 1 0 3
haar_y3
4.301931e-003 0 -1
2.335204e-002 -9.375589e-001 
1
2
2 2 4 4 0 -1
2 3 4 2 0 2
haar_y4
-5.771405e-004 0 -1
2.508616e-001 -1.268502e-001 
1
2
10 3 12 4 0 -1
13 3 6 4 0 2
haar_x4
3.000151e-003 0 -1
-1.434011e-001 1.255687e-001 
1
2
0 1 4 8 0 -1
0 3 4 4 0 2
haar_y4
6.951394e-003 0 -1
-1.098903e-001 3.321376e-001 
1
2
18 20 2 3 0 -1
18 21 2 1 0 3
haar_y3
4.263101e-004 0 -1
6.298748e-002 -3.057203e-001 
1
2
12 19 10 4 0 -1
12 19 10 2 0 2
tilted_haar_y2
3.473055e-002 0 -1
-7.367997e-002 4.782505e-001 
1
2
18 11 2 16 0 -1
18 11 2 8 0 2
tilted_haar_x2
-4.004567e-002 0 -1
4.208727e-001 -3.211577e-002 
1
2
12 15 12 1 0 -1
12 15 6 1 0 2
tilted_haar_x2
3.400444e-003 0 -1
-2.398948e-001 1.653415e-001 
1
2
12 8 4 2 0 -1
12 8 2 2 0 2
tilted_haar_y2
1.109727e-002 0 -1
-2.170393e-002 5.089585e-001 
1
2
6 0 6 4 0 -1
8 2 2 4 0 3
tilted_haar_x3
-1.019070e-002 0 -1
3.577395e-001 -9.760346e-002 
1
2
13 4 9 2 0 -1
16 4 3 2 0 3
haar_x3
-5.768988e-003 0 -1
3.146768e-001 -4.595687e-002 
1
2
2 4 9 2 0 -1
5 4 3 2 0 3
haar_x3
4.963626e-004 0 -1
-2.275478e-001 1.739890e-001 
1
2
13 14 2 12 0 -1
13 14 2 6 0 2
tilted_haar_x2
4.538900e-002 0 -1
1.760473e-002 -1.217077e-001 
1
2
12 29 6 1 0 -1
14 31 2 1 0 3
tilted_haar_x3
-1.859239e-003 0 -1
1.965319e-001 -1.726037e-001 
1
2
20 21 4 3 0 -1
20 22 4 1 0 3
haar_y3
-1.663310e-003 0 -1
-5.356736e-001 3.658031e-002 
1
2
0 21 4 3 0 -1
0 22 4 1 0 3
haar_y3
-6.001724e-004 0 -1
-4.147768e-001 8.618107e-002 
1
2
7 21 17 3 0 -1
7 22 17 1 0 3
haar_y3
6.800158e-004 0 -1
7.745030e-002 -1.498930e-001 
1
2
3 0 6 8 0 -1
5 0 2 8 0 3
haar_x3
3.171227e-002 0 -1
3.431836e-002 -9.905753e-001 
1
2
14 7 2 3 0 -1
14 7 1 3 0 2
tilted_haar_y2
7.637366e-003 0 -1
-2.201237e-002 9.488566e-001 
1
2
10 7 3 2 0 -1
10 7 3 1 0 2
tilted_haar_y2
-8.273751e-005 0 -1
2.260508e-001 -1.535677e-001 
1
2
17 18 2 3 0 -1
17 19 2 1 0 3
haar_y3
1.542862e-003 0 -1
2.113148e-002 -5.511857e-001 
1
2
10 11 11 2 0 -1
10 11 11 1 0 2
tilted_haar_y2
6.060208e-003 0 -1
-6.897230e-002 5.710284e-001 
1
2
15 4 3 12 0 -1
16 8 1 4 0 9
haar_point
3.666990e-002 0 -1
2.182322e-002 -6.122904e-001 
-1.101426e+000

19
-1
