rawdata/2128.bmp 3 97 217 33 60 230 213 30 65 351 212 31 77
rawdata/2129.bmp 4 140 78 36 64 268 93 43 71 376 75 33 64 237 72 34 59
rawdata/2130.bmp 3 83 116 67 161 184 163 56 145 233 80 85 220
rawdata/2131.bmp 5 21 146 50 104 166 136 47 114 324 117 51 130 434 142 47 113 583 158 51 126
rawdata/2132.bmp 1 328 336 24 53
rawdata/2133.bmp 2 246 462 23 51 436 410 18 40
rawdata/2134.bmp 4 35 108 47 89 100 80 44 98 222 70 56 118 384 41 63 134
rawdata/2135.bmp 4 11 16 80 187 150 115 71 164 231 52 72 187 383 96 74 206
rawdata/2136.bmp 1 160 40 59 87
rawdata/2137.bmp 3 60 181 45 108 230 179 44 95 312 166 40 94
rawdata/2138.bmp 8 43 285 44 101 160 296 48 108 244 315 48 93 346 325 47 103 417 306 43 79 506 288 43 102 544 269 43 80 641 296 40 98
rawdata/2139.bmp 3 74 133 45 107 213 150 39 95 408 136 39 109
rawdata/2140.bmp 3 38 39 44 125 182 18 60 129 334 32 42 123
rawdata/2141.bmp 5 17 183 74 187 197 85 72 163 272 196 73 196 281 48 51 109 386 61 70 153
rawdata/2142.bmp 3 246 50 169 336 410 439 36 64 671 435 27 48
rawdata/2143.bmp 2 158 145 95 259 241 89 103 271
rawdata/2144.bmp 4 13 318 42 121 140 336 41 118 267 333 39 113 322 282 46 132
rawdata/2145.bmp 1 531 53 93 212
rawdata/2146.bmp 6 11 323 31 62 43 258 32 51 100 259 42 71 217 262 46 75 297 251 40 70 453 258 41 67
rawdata/2147.bmp 1 209 68 153 221
rawdata/2148.bmp 3 6 207 76 136 167 73 103 228 306 369 59 123
rawdata/2149.bmp 10 58 378 39 80 119 384 42 77 167 359 35 75 200 366 34 73 246 360 42 85 326 360 40 81 388 345 41 74 516 334 38 80 573 333 42 83 640 337 42 79
rawdata/2150.bmp 1 348 47 142 330
rawdata/2151.bmp 1 261 113 199 211
rawdata/2152.bmp 5 48 185 43 92 173 198 45 111 232 196 39 106 323 195 45 100 438 225 39 105
rawdata/2153.bmp 1 83 27 88 158
rawdata/2154.bmp 3 78 161 32 48 84 11 75 151 156 45 91 153
rawdata/2155.bmp 6 107 242 34 61 207 229 29 53 142 295 44 86 208 313 41 79 306 173 42 75 449 244 39 67
rawdata/2156.bmp 1 120 63 55 117
rawdata/2157.bmp 3 2 1 63 159 152 78 61 118 251 88 52 93
rawdata/2158.bmp 6 37 156 43 102 98 179 48 118 207 151 45 93 308 164 44 106 352 148 48 93 440 209 40 81
rawdata/2159.bmp 2 292 62 75 185 430 95 27 61
rawdata/2160.bmp 5 25 336 39 95 271 365 40 83 310 293 45 101 352 310 51 129 584 327 44 99
rawdata/2161.bmp 1 304 11 149 236
rawdata/2162.bmp 3 33 24 39 69 85 28 41 70 188 16 42 67
rawdata/2163.bmp 3 46 100 48 159 195 177 64 180 304 83 52 155
rawdata/2164.bmp 1 101 35 111 176
rawdata/2165.bmp 4 144 39 65 191 293 84 57 202 418 35 46 168 262 23 45 137
rawdata/2166.bmp 2 44 49 105 268 226 68 119 328
rawdata/2167.bmp 1 146 125 93 195
rawdata/2168.bmp 2 99 36 59 178 196 36 66 199
rawdata/2169.bmp 1 186 74 41 68
rawdata/2170.bmp 7 3 234 44 158 55 199 51 159 131 479 62 218 343 303 56 179 363 106 51 96 421 408 60 207 561 244 51 168
rawdata/2171.bmp 6 57 201 33 66 122 171 40 62 195 157 28 48 219 77 40 63 232 150 34 48 308 130 34 45
rawdata/2172.bmp 2 116 99 131 211 453 65 137 215
rawdata/2173.bmp 5 25 183 63 194 107 222 68 179 289 40 86 233 516 225 65 180 599 296 58 187
rawdata/2174.bmp 1 205 17 212 559
rawdata/2175.bmp 2 128 101 33 75 162 132 29 72
rawdata/2176.bmp 2 260 81 70 155 552 220 76 123
rawdata/2177.bmp 8 8 72 70 133 128 200 43 68 188 172 44 89 238 80 49 108 293 75 54 128 316 237 36 69 393 196 39 85 444 77 55 119
rawdata/2178.bmp 7 19 187 31 74 76 196 30 77 136 260 29 72 196 201 26 67 234 200 31 71 269 184 29 74 329 182 33 77
rawdata/2179.bmp 4 111 25 67 139 147 142 53 141 217 157 50 116 328 63 52 126
rawdata/2180.bmp 6 6 116 57 149 100 133 49 122 185 102 48 126 275 121 45 111 361 159 53 102 411 119 43 85
rawdata/2181.bmp 3 248 157 62 151 416 121 56 136 33 86 25 52
rawdata/2182.bmp 7 24 179 42 82 100 177 39 89 214 166 36 86 266 186 35 81 289 285 38 96 390 201 39 79 445 199 32 90
rawdata/2183.bmp 1 199 73 163 428
rawdata/2184.bmp 1 213 129 219 465
rawdata/2185.bmp 2 262 103 63 180 599 108 64 159
rawdata/2186.bmp 5 65 198 44 120 146 159 48 121 272 156 44 120 353 133 48 117 428 165 47 108
rawdata/2187.bmp 12 12 358 57 118 70 150 34 70 89 255 43 102 95 529 70 168 347 300 51 89 337 175 31 62 396 164 22 57 456 183 27 64 527 253 41 82 619 265 41 96 635 394 56 132 414 439 58 137
rawdata/2188.bmp 7 52 224 41 76 141 192 35 70 177 216 36 73 240 210 38 86 342 213 37 83 390 185 48 113 310 146 43 97
rawdata/2189.bmp 2 249 98 64 163 422 120 68 127
rawdata/2190.bmp 4 41 105 57 119 164 78 56 119 246 32 57 117 382 101 60 124
rawdata/2191.bmp 4 11 197 75 149 170 248 63 134 471 303 78 133 607 207 60 174
rawdata/2192.bmp 4 105 35 100 286 212 154 60 115 194 245 65 118 287 106 72 196
rawdata/2193.bmp 3 151 1 24 31 265 83 64 100 395 21 34 58
rawdata/2194.bmp 5 103 232 67 162 216 179 95 180 347 238 73 155 425 154 76 198 509 156 108 191
rawdata/2195.bmp 3 244 41 70 160 350 36 65 147 463 161 40 133
rawdata/2196.bmp 4 228 152 58 124 338 166 44 123 463 193 61 137 631 199 46 97
rawdata/2197.bmp 4 137 159 66 133 245 148 47 122 305 243 52 128 394 174 49 123
rawdata/2198.bmp 7 62 350 22 45 224 413 22 61 333 379 23 55 368 380 29 54 413 370 31 66 581 379 24 62 606 377 29 62
rawdata/2199.bmp 1 167 18 149 368
rawdata/2200.bmp 6 2 35 53 138 100 132 38 73 142 72 45 110 206 67 47 125 263 204 39 60 328 47 56 114
rawdata/2201.bmp 4 58 143 63 130 217 153 63 131 311 111 62 126 456 80 64 132
rawdata/2202.bmp 8 32 213 27 64 97 238 31 60 177 242 24 57 241 248 24 65 379 203 28 70 441 270 29 76 583 198 26 76 645 215 31 63
rawdata/2203.bmp 5 19 146 56 101 126 110 51 109 374 159 49 100 506 85 44 104 569 119 44 91
rawdata/2204.bmp 1 63 109 32 71
rawdata/2205.bmp 10 4 42 23 37 108 67 22 40 162 76 25 36 186 68 29 32 192 103 21 37 282 83 28 35 306 45 23 32 366 63 22 33 425 49 24 37 472 44 24 36
rawdata/2206.bmp 4 163 239 39 69 273 180 58 80 451 238 48 96 542 223 46 82
rawdata/2207.bmp 2 140 98 106 216 240 193 81 203
rawdata/2208.bmp 3 79 160 50 137 177 115 65 142 379 177 55 123
rawdata/2209.bmp 4 29 125 53 124 166 86 60 118 232 37 45 71 274 125 161 363
rawdata/2210.bmp 1 352 68 144 222
rawdata/2211.bmp 1 253 32 223 651
rawdata/2212.bmp 2 1 206 52 182 132 56 100 263
rawdata/2213.bmp 5 41 170 54 123 115 152 49 105 177 195 55 117 287 176 56 119 436 148 58 134
rawdata/2214.bmp 2 168 40 46 74 373 66 45 75
rawdata/2215.bmp 3 279 227 76 132 377 263 83 120 504 127 112 150
rawdata/2216.bmp 3 41 317 27 53 2 272 20 41 105 9 89 224
rawdata/2217.bmp 4 58 106 68 155 187 157 69 166 305 148 68 145 402 163 67 157
rawdata/2218.bmp 1 162 99 102 307
rawdata/2219.bmp 6 60 139 58 129 128 179 64 125 136 323 70 125 219 204 61 139 292 107 59 110 402 112 61 132
rawdata/2220.bmp 2 199 174 143 282 530 164 144 292
rawdata/2221.bmp 2 23 231 109 239 356 224 94 198
rawdata/2222.bmp 9 72 218 56 128 208 203 56 117 319 257 54 134 385 227 51 110 157 392 84 243 280 379 75 202 458 293 72 181 422 142 40 92 538 235 58 136
rawdata/2223.bmp 1 198 81 122 286
rawdata/2224.bmp 2 73 46 50 104 166 69 41 79
rawdata/2225.bmp 3 17 44 49 92 294 37 46 98 372 128 33 74
rawdata/2226.bmp 4 43 168 37 52 118 159 27 58 170 158 32 62 225 150 30 61
rawdata/2227.bmp 3 40 51 77 199 169 85 75 207 374 40 83 179
rawdata/2228.bmp 1 167 63 89 203
rawdata/2229.bmp 1 143 71 44 89
rawdata/2230.bmp 3 239 88 128 403 514 95 89 212 510 292 116 284
rawdata/2231.bmp 5 18 214 62 127 96 245 53 121 355 247 64 123 475 235 65 125 649 194 52 135
rawdata/2232.bmp 4 132 164 44 116 248 154 49 113 299 196 40 108 366 113 45 127
rawdata/2233.bmp 1 334 211 84 197
rawdata/2234.bmp 6 169 360 31 59 276 352 27 71 372 352 30 59 457 332 23 76 482 353 22 57 589 351 29 73
rawdata/2235.bmp 1 187 76 83 168
rawdata/2236.bmp 4 210 173 72 134 289 152 64 109 456 171 61 144 626 278 61 164
rawdata/2237.bmp 1 233 162 65 151
rawdata/2238.bmp 1 230 154 78 155
rawdata/2239.bmp 4 46 167 57 122 92 146 64 120 228 125 63 130 463 99 38 77
rawdata/2240.bmp 1 224 141 166 444
rawdata/2241.bmp 7 36 223 34 74 142 282 37 80 197 251 32 76 231 261 33 66 299 243 33 72 384 245 35 77 451 250 33 71
rawdata/2242.bmp 5 61 90 55 118 184 62 54 108 277 128 53 99 363 113 44 100 439 120 45 96
rawdata/2243.bmp 9 65 119 52 112 162 130 40 74 178 194 42 90 221 102 34 68 241 149 36 74 312 156 40 88 340 128 28 48 462 182 40 110 418 185 32 66
rawdata/2244.bmp 4 22 131 33 58 102 90 44 105 229 213 31 60 336 119 24 60
rawdata/2245.bmp 12 2 263 32 55 62 322 43 97 131 297 45 90 235 273 38 72 244 320 59 158 329 248 46 99 430 277 52 101 437 386 67 164 512 317 46 128 490 229 28 60 546 272 41 70 612 225 32 47
rawdata/2246.bmp 4 6 148 78 169 136 266 67 183 201 141 65 147 293 126 83 170
rawdata/2247.bmp 4 52 131 48 140 131 81 41 121 228 96 37 131 308 136 56 155
rawdata/2249.bmp 2 280 52 115 328 83 29 68 170
rawdata/2250.bmp 4 103 62 59 150 227 116 65 145 331 46 81 175 586 59 72 160
rawdata/2251.bmp 5 27 250 59 126 144 436 57 150 214 424 65 171 462 465 67 151 593 229 69 162
rawdata/2252.bmp 10 4 89 40 98 91 83 34 76 102 195 28 53 132 74 31 84 180 135 28 80 229 77 29 68 350 106 36 88 402 175 21 47 434 165 27 39 472 125 32 95
rawdata/2253.bmp 2 166 66 109 297 437 83 27 56
rawdata/2254.bmp 4 60 200 70 171 239 175 65 157 394 232 72 170 518 169 57 165
rawdata/2255.bmp 2 150 149 86 265 279 17 103 315
rawdata/2256.bmp 5 72 181 61 156 196 50 89 274 337 253 79 286 388 140 83 283 565 16 95 231
rawdata/2257.bmp 3 71 14 78 224 471 115 63 167 608 66 62 184
rawdata/2258.bmp 3 22 316 95 284 399 98 88 252 575 279 99 287
rawdata/2259.bmp 3 65 77 79 227 371 43 85 233 574 169 72 220
rawdata/2260.bmp 3 140 59 97 227 351 66 78 215 548 112 87 223
rawdata/2261.bmp 1 346 49 61 122
rawdata/2262.bmp 3 114 241 112 343 235 193 127 340 436 7 130 359
rawdata/2263.bmp 1 405 66 116 236
rawdata/2264.bmp 5 50 252 32 45 69 148 47 102 175 141 45 101 330 242 28 55 409 134 50 105
rawdata/2265.bmp 2 103 14 58 155 304 7 53 146
rawdata/2266.bmp 3 199 130 84 202 360 132 82 195 539 74 84 198
rawdata/2267.bmp 7 88 343 48 171 160 376 48 198 270 343 48 182 319 315 41 162 420 303 39 181 499 295 48 184 363 195 39 131
rawdata/2268.bmp 4 62 47 70 121 189 147 53 90 303 94 55 108 393 185 39 62
rawdata/2269.bmp 3 300 58 85 162 458 171 80 193 490 60 79 149
rawdata/2270.bmp 1 135 46 102 221
rawdata/2271.bmp 2 79 134 84 134 309 225 97 152
rawdata/2272.bmp 2 176 109 111 251 386 121 38 63
rawdata/2273.bmp 2 296 300 93 276 433 15 108 359
rawdata/2274.bmp 6 1 156 27 120 81 173 44 118 156 159 46 92 139 345 45 102 258 140 41 99 351 130 49 112
rawdata/2275.bmp 9 14 238 25 52 41 236 29 54 118 203 30 58 220 203 27 66 262 202 30 59 296 225 31 53 341 217 27 56 381 235 26 54 434 217 26 50
rawdata/2276.bmp 1 232 31 65 143
rawdata/2277.bmp 2 112 68 84 170 391 295 51 111
rawdata/2278.bmp 2 15 252 75 115 477 252 81 143
rawdata/2279.bmp 5 50 251 28 48 69 152 45 90 176 145 44 93 332 234 28 65 408 135 44 109
rawdata/2280.bmp 3 111 64 78 178 239 280 61 161 281 82 70 159
rawdata/2281.bmp 1 363 18 98 238
rawdata/2282.bmp 4 13 350 34 82 97 364 20 47 262 356 37 84 521 364 44 100
rawdata/2283.bmp 5 53 141 75 203 174 164 71 188 443 132 79 199 539 171 61 164 596 274 65 151