41
1
3
3 23 10 12 0 -1
3 23 5 6 0 2
8 29 5 6 0 2
haar_x2_y2
-4.382581e-002 0 -1
4.716952e-001 -2.053418e-001 
1
2
17 1 7 12 0 -1
17 5 7 4 0 3
haar_y3
2.850069e-002 0 -1
-1.237743e-001 3.656269e-001 
1
2
5 18 8 4 0 -1
5 20 8 2 0 2
haar_y2
-3.251777e-003 0 -1
-5.652598e-001 6.210209e-002 
1
2
19 7 4 4 0 -1
19 7 2 4 0 2
tilted_haar_y2
2.058303e-002 0 -1
-8.038889e-002 3.023708e-001 
1
2
5 10 6 4 0 -1
4 11 6 2 0 2
tilted_haar_y4
-5.908343e-003 0 -1
3.122941e-001 -1.893338e-001 
1
2
20 10 3 7 0 -1
21 11 1 7 0 3
tilted_haar_y3
3.162026e-003 0 -1
-1.004926e-001 2.762450e-001 
1
2
4 10 7 3 0 -1
3 11 7 1 0 3
tilted_haar_y3
6.145013e-003 0 -1
-8.915497e-002 6.187786e-001 
1
2
7 12 10 8 0 -1
7 16 10 4 0 2
haar_y2
2.483242e-002 0 -1
9.955375e-002 -6.736853e-001 
1
2
0 0 21 6 0 -1
0 2 21 2 0 3
haar_y3
2.180362e-002 0 -1
-1.173707e-001 4.506278e-001 
1
2
13 9 5 2 0 -1
13 10 5 1 0 2
haar_y2
1.930727e-003 0 -1
3.310709e-002 -7.221400e-001 
1
2
1 3 3 8 0 -1
1 5 3 4 0 2
haar_y4
6.822179e-003 0 -1
-1.075175e-001 4.594660e-001 
1
2
19 0 4 4 0 -1
18 1 4 2 0 2
tilted_haar_x4
-5.364411e-003 0 -1
3.900514e-001 -8.767322e-002 
1
2
1 8 4 6 0 -1
1 10 4 2 0 3
haar_y3
4.823938e-003 0 -1
-1.037613e-001 4.451481e-001 
1
2
13 9 5 2 0 -1
13 10 5 1 0 2
haar_y2
-9.587760e-004 0 -1
-2.219601e-001 9.219551e-002 
1
2
6 9 5 2 0 -1
6 10 5 1 0 2
haar_y2
6.373955e-004 0 -1
9.748374e-002 -5.309862e-001 
1
2
12 6 1 12 0 -1
8 10 1 4 0 3
tilted_haar_x3
-1.225684e-002 0 -1
2.297638e-001 -1.043841e-001 
1
2
11 12 13 8 0 -1
9 14 13 4 0 2
tilted_haar_y4
3.319010e-002 0 -1
-1.400378e-001 3.298253e-001 
1
2
19 0 4 4 0 -1
18 1 4 2 0 2
tilted_haar_x4
4.565135e-003 0 -1
-7.189623e-002 2.374060e-001 
1
2
5 0 4 4 0 -1
6 1 2 4 0 2
tilted_haar_x4
-4.421518e-003 0 -1
3.504318e-001 -1.349698e-001 
1
2
16 19 3 3 0 -1
16 20 3 1 0 3
haar_y3
9.316951e-004 0 -1
6.802674e-002 -4.624562e-001 
1
2
4 8 2 18 0 -1
4 17 2 9 0 2
haar_y2
-2.444856e-002 0 -1
-6.648425e-001 6.910607e-002 
1
2
3 21 21 6 0 -1
3 23 21 2 0 3
haar_y3
1.780833e-003 0 -1
1.580212e-001 -2.264718e-001 
1
2
3 12 6 4 0 -1
5 12 2 4 0 3
haar_x3
3.856243e-003 0 -1
-1.323048e-001 3.606774e-001 
1
2
0 0 24 4 0 -1
0 0 12 4 0 2
haar_x2
-5.728651e-002 0 -1
-6.269284e-001 7.638307e-002 
1
2
2 11 2 6 0 -1
2 13 2 2 0 3
haar_y3
4.309676e-003 0 -1
-8.481491e-002 5.647716e-001 
1
3
6 16 18 6 0 -1
15 16 9 3 0 2
6 19 9 3 0 2
haar_x2_y2
1.348017e-002 0 -1
5.403277e-002 -2.447071e-001 
1
3
0 16 18 6 0 -1
0 16 9 3 0 2
9 19 9 3 0 2
haar_x2_y2
2.528413e-002 0 -1
5.570332e-002 -7.617502e-001 
1
2
18 19 3 3 0 -1
18 20 3 1 0 3
haar_y3
8.689809e-004 0 -1
3.589214e-002 -3.201557e-001 
1
3
0 1 24 8 0 -1
0 1 12 4 0 2
12 5 12 4 0 2
haar_x2_y2
5.094964e-002 0 -1
6.671174e-002 -6.431588e-001 
1
2
23 4 1 3 0 -1
23 5 1 1 0 3
haar_y3
-7.878512e-004 0 -1
4.522178e-001 -7.891592e-002 
1
2
2 19 1 2 0 -1
2 20 1 1 0 2
haar_y2
1.982766e-004 0 -1
1.284137e-001 -3.952812e-001 
1
2
0 0 24 34 0 -1
0 17 24 17 0 2
haar_y2
-4.321058e-001 0 -1
-5.403481e-001 7.944217e-002 
1
2
0 4 1 3 0 -1
0 5 1 1 0 3
haar_y3
-4.539498e-004 0 -1
4.270337e-001 -1.140724e-001 
1
2
22 1 2 9 0 -1
22 4 2 3 0 3
haar_y3
8.422295e-003 0 -1
-7.042265e-002 3.994086e-001 
1
2
0 22 2 4 0 -1
0 23 2 2 0 2
haar_y4
7.848301e-004 0 -1
9.442747e-002 -5.269828e-001 
1
2
14 0 3 5 0 -1
15 0 1 5 0 3
haar_x3
5.410289e-003 0 -1
2.074814e-002 -7.652356e-001 
1
2
0 1 2 9 0 -1
0 4 2 3 0 3
haar_y3
8.951893e-003 0 -1
-1.020914e-001 4.454511e-001 
1
2
14 0 3 5 0 -1
15 0 1 5 0 3
haar_x3
-3.526305e-003 0 -1
-5.311680e-001 4.104196e-002 
1
2
0 18 18 12 0 -1
6 22 6 4 0 9
haar_point
1.963874e-001 0 -1
-8.954374e-002 5.161974e-001 
1
2
9 24 15 3 0 -1
14 25 5 1 0 9
haar_point
-1.881456e-002 0 -1
2.070029e-001 -3.515888e-002 
1
2
0 24 15 3 0 -1
5 25 5 1 0 9
haar_point
-2.231119e-003 0 -1
2.663042e-001 -2.182368e-001 
-1.154195e+000

11
-1
