31
1
2
7 23 10 10 0 -1
7 28 10 5 0 2
haar_y2
-7.351427e-002 0 -1
6.210538e-001 -2.622299e-001 
1
2
0 11 24 4 0 -1
6 11 12 4 0 2
haar_x4
5.739651e-002 0 -1
-2.665274e-001 5.080374e-001 
1
2
7 19 4 3 0 -1
7 20 4 1 0 3
haar_y3
8.413086e-004 0 -1
1.577606e-001 -5.415272e-001 
1
2
13 19 3 3 0 -1
13 20 3 1 0 3
haar_y3
-7.661765e-004 0 -1
-5.021695e-001 8.813440e-002 
1
2
8 19 3 3 0 -1
8 20 3 1 0 3
haar_y3
-5.617258e-004 0 -1
-5.651452e-001 1.621068e-001 
1
2
22 4 2 12 0 -1
22 8 2 4 0 3
haar_y3
-1.119789e-002 0 -1
4.794005e-001 -2.233127e-001 
1
2
7 23 10 12 0 -1
7 27 10 4 0 3
haar_y3
3.985704e-002 0 -1
-1.501459e-001 5.047656e-001 
1
2
12 10 1 2 0 -1
12 11 1 1 0 2
haar_y2
-5.287498e-004 0 -1
-5.748424e-001 1.215545e-001 
1
3
0 0 16 2 0 -1
0 0 8 1 0 2
8 1 8 1 0 2
haar_x2_y2
3.491211e-003 0 -1
-1.460996e-001 5.193675e-001 
1
2
21 4 3 12 0 -1
21 8 3 4 0 3
haar_y3
6.911109e-003 0 -1
-1.349652e-001 3.458325e-001 
1
2
0 4 3 12 0 -1
0 8 3 4 0 3
haar_y3
-2.074352e-002 0 -1
5.987899e-001 -1.520137e-001 
1
2
23 23 1 4 0 -1
23 24 1 2 0 2
haar_y4
-1.105385e-003 0 -1
-6.327597e-001 7.181994e-002 
1
2
0 23 1 4 0 -1
0 24 1 2 0 2
haar_y4
-2.097101e-004 0 -1
-4.160539e-001 1.677703e-001 
1
3
0 0 24 12 0 -1
12 0 12 6 0 2
0 6 12 6 0 2
haar_x2_y2
-6.294031e-002 0 -1
-6.187785e-001 8.510154e-002 
1
2
11 13 1 3 0 -1
11 14 1 1 0 3
haar_y3
5.783297e-004 0 -1
7.836397e-002 -6.954478e-001 
1
2
9 0 15 6 0 -1
9 2 15 2 0 3
haar_y3
1.452592e-002 0 -1
-9.577318e-002 3.631803e-001 
1
2
9 2 9 4 0 -1
9 2 9 2 0 2
tilted_haar_y2
-1.435880e-002 0 -1
-6.303554e-001 9.513859e-002 
1
2
23 23 1 4 0 -1
23 24 1 2 0 2
haar_y4
7.518657e-004 0 -1
4.468178e-002 -4.128748e-001 
1
2
0 23 1 4 0 -1
0 24 1 2 0 2
haar_y4
2.604228e-004 0 -1
1.428619e-001 -4.173588e-001 
1
3
11 0 8 2 0 -1
15 0 4 1 0 2
11 1 4 1 0 2
haar_x2_y2
-2.708023e-003 0 -1
4.148107e-001 -5.894765e-002 
1
2
7 20 9 5 0 -1
10 23 3 5 0 3
tilted_haar_x3
6.408670e-002 0 -1
-8.254518e-002 6.817501e-001 
1
2
20 1 3 6 0 -1
20 3 3 2 0 3
haar_y3
-4.370819e-003 0 -1
4.392570e-001 -1.090698e-001 
1
3
9 7 2 2 0 -1
9 7 1 1 0 2
10 8 1 1 0 2
haar_x2_y2
-3.191231e-004 0 -1
-5.683544e-001 1.020221e-001 
1
2
18 9 6 2 0 -1
20 11 2 2 0 3
tilted_haar_y3
-1.251965e-002 0 -1
4.048969e-001 -8.945458e-002 
1
2
0 3 4 9 0 -1
0 6 4 3 0 3
haar_y3
-1.026948e-002 0 -1
4.434052e-001 -1.250415e-001 
1
2
21 2 2 12 0 -1
21 5 2 6 0 2
haar_y4
-1.273993e-002 0 -1
5.146770e-001 -4.277286e-002 
1
2
1 2 2 12 0 -1
1 5 2 6 0 2
haar_y4
5.177641e-003 0 -1
-1.621842e-001 4.668936e-001 
1
3
15 13 2 2 0 -1
16 13 1 1 0 2
15 14 1 1 0 2
haar_x2_y2
-5.948261e-004 0 -1
-3.609637e-001 3.615508e-002 
1
3
7 13 2 2 0 -1
7 13 1 1 0 2
8 14 1 1 0 2
haar_x2_y2
9.031028e-006 0 -1
-2.254351e-001 2.668807e-001 
1
3
4 21 16 2 0 -1
12 21 8 1 0 2
4 22 8 1 0 2
haar_x2_y2
2.309464e-003 0 -1
9.400848e-002 -5.593400e-001 
1
3
4 22 16 2 0 -1
4 22 8 1 0 2
12 23 8 1 0 2
haar_x2_y2
2.430589e-003 0 -1
1.090713e-001 -5.167424e-001 
-1.435031e+000

5
-1
