48
1
2
9 4 6 32 0 -1
9 12 6 16 0 2
haar_y4
8.532269e-002 0 -1
-2.344791e-001 3.611875e-001 
1
2
0 2 24 12 0 -1
0 5 24 6 0 2
haar_y4
4.126426e-002 0 -1
-1.616732e-001 3.407574e-001 
1
2
5 23 14 2 0 -1
5 24 14 1 0 2
haar_y2
-9.472799e-004 0 -1
-3.255692e-001 1.454255e-001 
1
2
3 1 18 28 0 -1
3 15 18 14 0 2
haar_y2
7.643592e-002 0 -1
9.274524e-002 -5.232651e-001 
1
2
0 4 1 9 0 -1
0 7 1 3 0 3
haar_y3
-3.941494e-003 0 -1
2.731820e-001 -1.681831e-001 
1
2
0 2 24 14 0 -1
6 2 12 14 0 2
haar_x4
1.705432e-001 0 -1
-1.271141e-001 3.042802e-001 
1
2
3 6 11 3 0 -1
2 7 11 1 0 3
tilted_haar_y3
3.720517e-003 0 -1
-1.855459e-001 2.804262e-001 
1
2
3 2 19 20 0 -1
3 7 19 10 0 2
haar_y4
-5.337124e-002 0 -1
2.044789e-001 -1.612218e-001 
1
2
6 9 5 4 0 -1
6 10 5 2 0 2
haar_y4
-2.331463e-003 0 -1
-6.867170e-001 6.220072e-002 
1
3
19 34 4 2 0 -1
21 34 2 1 0 2
19 35 2 1 0 2
haar_x2_y2
-5.426812e-004 0 -1
-2.281325e-001 5.078041e-002 
1
3
0 33 2 2 0 -1
0 33 1 1 0 2
1 34 1 1 0 2
haar_x2_y2
-2.617912e-004 0 -1
-4.040028e-001 8.686300e-002 
1
2
7 23 11 9 0 -1
7 26 11 3 0 3
haar_y3
5.782637e-002 0 -1
-6.848063e-002 4.745060e-001 
1
2
1 19 15 2 0 -1
1 20 15 1 0 2
haar_y2
-2.114712e-003 0 -1
-4.994486e-001 6.709958e-002 
1
3
5 34 16 2 0 -1
13 34 8 1 0 2
5 35 8 1 0 2
haar_x2_y2
8.588637e-004 0 -1
-1.198523e-001 1.879925e-001 
1
2
0 2 3 4 0 -1
0 3 3 2 0 2
haar_y4
-6.526885e-004 0 -1
3.113262e-001 -1.228817e-001 
1
2
22 0 2 2 0 -1
22 0 1 2 0 2
haar_x2
3.742221e-004 0 -1
8.177444e-002 -2.168205e-001 
1
2
4 9 8 3 0 -1
3 10 8 1 0 3
tilted_haar_y3
2.318333e-003 0 -1
-1.088773e-001 3.151301e-001 
1
2
20 8 4 10 0 -1
21 9 2 10 0 2
tilted_haar_y4
5.343530e-003 0 -1
-8.539087e-002 2.794426e-001 
1
2
4 7 7 4 0 -1
3 8 7 2 0 2
tilted_haar_y4
-5.419520e-003 0 -1
2.616846e-001 -1.776762e-001 
1
2
8 23 8 6 0 -1
8 25 8 2 0 3
haar_y3
-4.419938e-003 0 -1
3.872948e-001 -9.441533e-002 
1
2
10 14 4 12 0 -1
10 18 4 4 0 3
haar_y3
8.832473e-003 0 -1
1.100365e-001 -4.109040e-001 
1
2
21 0 3 2 0 -1
22 0 1 2 0 3
haar_x3
-1.490831e-003 0 -1
-2.801601e-001 3.259616e-002 
1
2
0 23 1 10 0 -1
0 28 1 5 0 2
haar_y2
8.953314e-004 0 -1
1.233959e-001 -2.791158e-001 
1
2
19 4 1 32 0 -1
19 12 1 16 0 2
haar_y4
-2.930394e-002 0 -1
-5.344060e-001 1.307409e-002 
1
2
4 4 1 32 0 -1
4 12 1 16 0 2
haar_y4
1.127943e-002 0 -1
8.410999e-002 -4.129445e-001 
1
2
21 0 3 1 0 -1
22 0 1 1 0 3
haar_x3
5.676942e-004 0 -1
4.852659e-002 -2.750341e-001 
1
3
1 5 20 22 0 -1
1 5 10 11 0 2
11 16 10 11 0 2
haar_x2_y2
1.453693e-001 0 -1
5.045198e-002 -7.260564e-001 
1
2
12 5 6 1 0 -1
12 5 3 1 0 2
tilted_haar_y2
-6.247930e-005 0 -1
1.604733e-001 -1.149679e-001 
1
2
2 20 5 3 0 -1
2 21 5 1 0 3
haar_y3
-1.142715e-003 0 -1
-5.196614e-001 6.972850e-002 
1
2
8 23 8 3 0 -1
8 24 8 1 0 3
haar_y3
-2.076112e-005 0 -1
1.865711e-001 -1.961540e-001 
1
2
3 20 7 3 0 -1
3 21 7 1 0 3
haar_y3
1.573076e-003 0 -1
7.267230e-002 -5.585559e-001 
1
2
13 0 3 2 0 -1
14 0 1 2 0 3
haar_x3
2.823381e-003 0 -1
1.372293e-002 -7.634173e-001 
1
2
11 24 2 5 0 -1
11 24 1 5 0 2
tilted_haar_x2
6.661412e-003 0 -1
-7.595953e-002 5.291139e-001 
1
2
17 4 7 4 0 -1
17 5 7 2 0 2
haar_y4
-1.163281e-003 0 -1
2.814377e-001 -1.192507e-001 
1
2
0 0 3 1 0 -1
1 0 1 1 0 3
haar_x3
3.286298e-004 0 -1
1.233145e-001 -3.583352e-001 
1
3
4 14 18 14 0 -1
13 14 9 7 0 2
4 21 9 7 0 2
haar_x2_y2
7.317684e-002 0 -1
3.050259e-002 -5.455308e-001 
1
3
1 0 8 6 0 -1
1 0 4 3 0 2
5 3 4 3 0 2
haar_x2_y2
-5.248794e-003 0 -1
4.107026e-001 -1.009477e-001 
1
2
12 4 9 7 0 -1
15 4 3 7 0 3
haar_x3
-2.004599e-002 0 -1
2.878666e-001 -3.318541e-002 
1
2
3 4 9 7 0 -1
6 4 3 7 0 3
haar_x3
4.569898e-003 0 -1
-2.444177e-001 2.071155e-001 
1
2
15 25 3 4 0 -1
16 26 1 4 0 3
tilted_haar_y3
2.462671e-003 0 -1
-4.399021e-002 1.063927e-001 
1
2
1 18 6 9 0 -1
3 18 2 9 0 3
haar_x3
1.594765e-002 0 -1
-6.676332e-002 5.690796e-001 
1
2
22 33 1 2 0 -1
22 33 1 1 0 2
tilted_haar_x2
-2.539197e-003 0 -1
-4.452319e-001 2.828110e-002 
1
2
2 33 2 1 0 -1
2 33 1 1 0 2
tilted_haar_x2
-6.363007e-004 0 -1
-3.834820e-001 1.031806e-001 
1
2
19 12 3 6 0 -1
20 14 1 2 0 9
haar_point
5.518836e-003 0 -1
-8.954139e-002 3.431007e-001 
1
2
8 2 14 2 0 -1
8 2 14 1 0 2
tilted_haar_y2
-1.544692e-004 0 -1
1.991746e-001 -2.219923e-001 
1
2
18 14 4 8 0 -1
19 14 2 8 0 2
haar_x4
-5.075667e-003 0 -1
4.253360e-001 -9.821111e-002 
1
2
2 12 3 4 0 -1
3 12 1 4 0 3
haar_x3
-3.134946e-003 0 -1
4.402340e-001 -8.753472e-002 
1
2
13 3 4 11 0 -1
13 3 2 11 0 2
tilted_haar_y2
-2.487208e-002 0 -1
-2.623952e-001 2.781208e-002 
-1.146806e+000

16
-1
