20
1
2
2 12 20 4 0 -1
7 12 10 4 0 2
haar_x4
2.599727e-002 0 -1
-5.006015e-001 6.422965e-001 
1
3
10 24 14 12 0 -1
17 24 7 6 0 2
10 30 7 6 0 2
haar_x2_y2
-3.966353e-002 0 -1
6.079187e-001 -2.759734e-001 
1
2
4 4 16 14 0 -1
4 11 16 7 0 2
haar_y2
-1.772526e-002 0 -1
2.759786e-001 -4.286302e-001 
1
2
18 8 6 6 0 -1
18 8 3 6 0 2
haar_x2
1.240978e-002 0 -1
-1.708226e-001 4.547690e-001 
1
2
2 8 2 7 0 -1
3 8 1 7 0 2
haar_x2
2.095839e-003 0 -1
-1.976351e-001 4.794595e-001 
1
2
11 11 12 22 0 -1
14 11 6 22 0 2
haar_x4
-5.735217e-002 0 -1
6.022186e-001 -1.284697e-001 
1
2
0 26 15 6 0 -1
5 26 5 6 0 3
haar_x3
-3.337909e-002 0 -1
6.210061e-001 -1.416504e-001 
1
2
19 11 3 2 0 -1
20 12 1 2 0 3
tilted_haar_y3
-5.664906e-003 0 -1
7.286186e-001 -3.607269e-002 
1
3
4 20 16 2 0 -1
4 20 8 1 0 2
12 21 8 1 0 2
haar_x2_y2
-2.178758e-003 0 -1
-6.827864e-001 1.325875e-001 
1
2
19 11 3 2 0 -1
20 12 1 2 0 3
tilted_haar_y3
1.724267e-003 0 -1
-1.201832e-001 3.492473e-001 
1
2
7 8 10 2 0 -1
7 9 10 1 0 2
haar_y2
1.198360e-003 0 -1
1.298342e-001 -6.264592e-001 
1
2
17 16 7 12 0 -1
13 20 7 4 0 3
tilted_haar_x3
6.944022e-002 0 -1
-8.307346e-002 1.887435e-001 
1
2
0 4 1 9 0 -1
0 7 1 3 0 3
haar_y3
-5.151717e-003 0 -1
6.271595e-001 -1.444729e-001 
1
2
14 16 10 9 0 -1
11 19 10 3 0 3
tilted_haar_x3
-1.423844e-002 0 -1
2.356580e-001 -5.024486e-002 
1
2
10 16 9 10 0 -1
13 19 3 10 0 3
tilted_haar_x3
4.855692e-002 0 -1
-1.822465e-001 5.034701e-001 
1
2
19 11 3 2 0 -1
20 12 1 2 0 3
tilted_haar_y3
-1.044196e-002 0 -1
9.015014e-001 -1.003459e-002 
1
2
5 11 2 3 0 -1
4 12 2 1 0 3
tilted_haar_y3
-5.201528e-003 0 -1
7.423713e-001 -1.131263e-001 
1
2
8 11 8 4 0 -1
8 12 8 2 0 2
haar_y4
3.721716e-003 0 -1
1.282086e-001 -7.393775e-001 
1
3
0 4 6 6 0 -1
0 4 3 3 0 2
3 7 3 3 0 2
haar_x2_y2
-7.371347e-003 0 -1
6.157489e-001 -1.404781e-001 
1
3
2 23 20 2 0 -1
12 23 10 1 0 2
2 24 10 1 0 2
haar_x2_y2
2.974077e-003 0 -1
1.346472e-001 -6.654744e-001 
-1.426806e+000

1
-1
