54
1
2
8 4 8 32 0 -1
8 12 8 16 0 2
haar_y4
8.419597e-002 0 -1
-2.836247e-001 3.419106e-001 
1
2
21 7 3 12 0 -1
21 11 3 4 0 3
haar_y3
-2.220129e-002 0 -1
4.607913e-001 -1.274163e-001 
1
2
8 5 2 8 0 -1
8 5 2 4 0 2
tilted_haar_y2
2.269517e-002 0 -1
-1.832984e-001 2.681985e-001 
1
2
17 22 6 3 0 -1
16 23 6 1 0 3
tilted_haar_x3
-5.378467e-004 0 -1
1.004954e-001 -1.397235e-001 
1
2
8 9 8 2 0 -1
8 10 8 1 0 2
haar_y2
1.002241e-003 0 -1
7.116669e-002 -5.192189e-001 
1
2
17 22 6 3 0 -1
16 23 6 1 0 3
tilted_haar_x3
1.884589e-002 0 -1
-9.887070e-003 8.526942e-001 
1
2
7 22 3 6 0 -1
8 23 1 6 0 3
tilted_haar_x3
-1.500361e-004 0 -1
1.957295e-001 -1.942019e-001 
1
2
17 0 2 4 0 -1
17 1 2 2 0 2
haar_y4
1.178709e-003 0 -1
-6.692065e-002 2.587337e-001 
1
2
11 8 2 2 0 -1
11 8 1 2 0 2
tilted_haar_x2
1.906495e-003 0 -1
7.157186e-002 -6.064072e-001 
1
2
18 3 6 8 0 -1
18 5 6 4 0 2
haar_y4
-6.969807e-003 0 -1
3.463840e-001 -1.057350e-001 
1
2
5 21 3 3 0 -1
5 22 3 1 0 3
haar_y3
5.423180e-004 0 -1
9.418885e-002 -4.181898e-001 
1
2
7 23 11 9 0 -1
7 26 11 3 0 3
haar_y3
-2.312666e-002 0 -1
5.710961e-001 -6.389073e-002 
1
2
1 23 20 8 0 -1
1 25 20 4 0 2
haar_y4
1.558469e-002 0 -1
-2.018156e-001 2.366508e-001 
1
2
14 21 6 2 0 -1
14 22 6 1 0 2
haar_y2
8.245586e-004 0 -1
7.879738e-002 -2.667352e-001 
1
2
2 4 20 32 0 -1
2 12 20 16 0 2
haar_y4
3.063104e-001 0 -1
5.715345e-002 -7.368106e-001 
1
2
19 2 5 9 0 -1
19 5 5 3 0 3
haar_y3
-1.186375e-002 0 -1
2.560398e-001 -7.450692e-002 
1
2
4 21 6 2 0 -1
4 22 6 1 0 2
haar_y2
-1.074699e-003 0 -1
-4.937138e-001 8.766098e-002 
1
2
18 19 4 4 0 -1
19 19 2 4 0 2
haar_x4
3.262060e-003 0 -1
-5.699431e-002 3.992053e-001 
1
2
2 19 4 4 0 -1
3 19 2 4 0 2
haar_x4
-3.087318e-003 0 -1
4.197824e-001 -9.120976e-002 
1
2
18 19 6 16 0 -1
18 23 6 8 0 2
haar_y4
3.224759e-002 0 -1
5.295162e-002 -3.036411e-001 
1
2
0 19 6 16 0 -1
0 23 6 8 0 2
haar_y4
2.620957e-002 0 -1
7.856250e-002 -4.710411e-001 
1
2
19 13 1 4 0 -1
19 14 1 2 0 2
haar_y4
-1.111952e-003 0 -1
4.717284e-001 -5.343412e-002 
1
2
4 0 10 4 0 -1
4 1 10 2 0 2
haar_y4
3.051342e-003 0 -1
-1.057739e-001 3.840815e-001 
1
2
12 0 8 4 0 -1
12 1 8 2 0 2
haar_y4
-3.827428e-003 0 -1
3.269365e-001 -5.698650e-002 
1
3
6 18 12 2 0 -1
6 18 6 1 0 2
12 19 6 1 0 2
haar_x2_y2
1.589258e-003 0 -1
7.798688e-002 -5.346112e-001 
1
3
4 18 16 2 0 -1
12 18 8 1 0 2
4 19 8 1 0 2
haar_x2_y2
1.359273e-003 0 -1
9.907182e-002 -4.163517e-001 
1
2
4 8 11 3 0 -1
3 9 11 1 0 3
tilted_haar_y3
-1.258463e-002 0 -1
5.782943e-001 -7.836626e-002 
1
2
15 2 3 7 0 -1
16 2 1 7 0 3
haar_x3
-2.383078e-003 0 -1
-3.836357e-001 7.049570e-002 
1
2
6 2 3 7 0 -1
7 2 1 7 0 3
haar_x3
4.330846e-003 0 -1
7.156783e-002 -5.886503e-001 
1
2
18 3 6 8 0 -1
18 5 6 4 0 2
haar_y4
5.419211e-003 0 -1
-1.188476e-001 2.082233e-001 
1
2
0 3 6 8 0 -1
0 5 6 4 0 2
haar_y4
-1.040706e-002 0 -1
4.872519e-001 -1.058350e-001 
1
3
7 2 10 4 0 -1
12 2 5 2 0 2
7 4 5 2 0 2
haar_x2_y2
-7.849840e-003 0 -1
-6.570687e-001 7.672080e-002 
1
2
10 27 2 3 0 -1
9 28 2 1 0 3
tilted_haar_y3
3.027243e-003 0 -1
-9.155039e-002 4.691028e-001 
1
2
19 8 3 12 0 -1
20 9 1 12 0 3
tilted_haar_y3
3.284116e-003 0 -1
-6.743807e-002 1.560235e-001 
1
3
2 5 2 8 0 -1
2 5 1 4 0 2
3 9 1 4 0 2
haar_x2_y2
1.591545e-003 0 -1
-1.127921e-001 3.456096e-001 
1
2
18 3 6 3 0 -1
17 4 6 1 0 3
tilted_haar_x3
4.202872e-003 0 -1
-3.201573e-002 1.209832e-001 
1
2
12 23 8 5 0 -1
14 25 4 5 0 2
tilted_haar_x4
3.608634e-002 0 -1
-7.115615e-002 5.602829e-001 
1
2
16 19 6 6 0 -1
14 21 6 2 0 3
tilted_haar_x3
2.117617e-002 0 -1
-6.668868e-002 2.738885e-001 
1
2
4 22 14 7 0 -1
11 22 7 7 0 2
haar_x2
-4.598146e-002 0 -1
4.959371e-001 -9.079281e-002 
1
2
12 26 4 3 0 -1
12 26 2 3 0 2
haar_x2
-9.975241e-003 0 -1
3.153055e-001 -8.042425e-005 
1
2
11 27 4 2 0 -1
11 27 4 1 0 2
tilted_haar_y2
1.546624e-003 0 -1
-2.261481e-001 1.907106e-001 
1
2
3 4 18 16 0 -1
9 4 6 16 0 3
haar_x3
2.532080e-001 0 -1
-8.213996e-002 5.425445e-001 
1
2
6 3 3 6 0 -1
7 4 1 6 0 3
tilted_haar_x3
3.692343e-003 0 -1
-9.375224e-002 4.045334e-001 
1
2
21 6 1 6 0 -1
21 8 1 2 0 3
haar_y3
-2.462826e-003 0 -1
2.673611e-001 -4.774430e-002 
1
2
12 21 2 11 0 -1
12 21 1 11 0 2
tilted_haar_x2
8.568258e-003 0 -1
-6.657425e-002 5.368286e-001 
1
2
6 18 13 3 0 -1
6 19 13 1 0 3
haar_y3
-1.226738e-003 0 -1
-3.380041e-001 8.108098e-002 
1
2
0 4 3 6 0 -1
0 6 3 2 0 3
haar_y3
7.480088e-003 0 -1
-8.345709e-002 4.487602e-001 
1
2
12 18 1 4 0 -1
12 19 1 2 0 2
haar_y4
2.858908e-004 0 -1
5.975824e-002 -2.358134e-001 
1
2
9 28 2 3 0 -1
8 29 2 1 0 3
tilted_haar_y3
2.215178e-003 0 -1
-8.933300e-002 4.330423e-001 
1
2
21 0 2 1 0 -1
21 0 1 1 0 2
haar_x2
3.315141e-004 0 -1
6.017029e-002 -1.674979e-001 
1
2
8 24 4 8 0 -1
10 24 2 8 0 2
haar_x2
-5.218359e-003 0 -1
-3.700892e-001 1.077624e-001 
1
3
12 14 4 18 0 -1
14 14 2 9 0 2
12 23 2 9 0 2
haar_x2_y2
4.246522e-003 0 -1
5.047757e-002 -1.382931e-001 
1
2
12 19 10 4 0 -1
12 19 10 2 0 2
tilted_haar_y2
2.752167e-002 0 -1
-9.492961e-002 4.512706e-001 
1
2
9 0 6 7 0 -1
11 0 2 7 0 3
haar_x3
-3.924275e-004 0 -1
2.149302e-001 -1.864622e-001 
-1.128730e+000

15
-1
