57
1
2
9 23 6 8 0 -1
9 25 6 4 0 2
haar_y4
1.828544e-002 0 -1
-1.518192e-001 4.360266e-001 
1
2
0 0 24 6 0 -1
8 2 8 2 0 9
haar_point
6.983469e-002 0 -1
-1.843946e-001 2.743491e-001 
1
2
0 5 3 15 0 -1
0 10 3 5 0 3
haar_y3
-3.689339e-002 0 -1
4.047688e-001 -1.183568e-001 
1
3
1 7 22 6 0 -1
12 7 11 3 0 2
1 10 11 3 0 2
haar_x2_y2
-2.304102e-002 0 -1
-5.554613e-001 4.754303e-002 
1
2
4 9 15 12 0 -1
4 13 15 4 0 3
haar_y3
-1.667861e-002 0 -1
1.663058e-001 -2.314835e-001 
1
2
21 11 3 13 0 -1
22 12 1 13 0 3
tilted_haar_y3
-8.141978e-003 0 -1
2.635413e-001 -7.914551e-002 
1
2
0 0 24 4 0 -1
6 0 12 4 0 2
haar_x4
-5.190480e-002 0 -1
6.892261e-001 -5.622870e-002 
1
2
16 6 2 16 0 -1
12 10 2 8 0 2
tilted_haar_x4
1.038441e-002 0 -1
-7.258189e-002 1.982018e-001 
1
2
0 22 1 12 0 -1
0 28 1 6 0 2
haar_y2
3.352355e-003 0 -1
8.302563e-002 -4.243767e-001 
1
2
20 22 4 14 0 -1
20 29 4 7 0 2
haar_y2
-3.807615e-002 0 -1
-4.678916e-001 6.299300e-002 
1
2
7 10 10 2 0 -1
12 10 5 2 0 2
haar_x2
-4.058089e-003 0 -1
-3.924725e-001 1.019278e-001 
1
2
13 4 4 12 0 -1
13 4 2 12 0 2
tilted_haar_y2
-1.486225e-004 0 -1
4.330741e-002 -1.089849e-001 
1
2
7 30 3 3 0 -1
6 31 3 1 0 3
tilted_haar_y3
-3.286815e-003 0 -1
3.862388e-001 -8.975270e-002 
1
2
20 22 4 14 0 -1
20 29 4 7 0 2
haar_y2
7.723653e-003 0 -1
6.305575e-002 -1.935500e-001 
1
2
0 22 4 14 0 -1
0 29 4 7 0 2
haar_y2
-2.228632e-002 0 -1
-3.877852e-001 1.005572e-001 
1
2
7 20 13 3 0 -1
7 21 13 1 0 3
haar_y3
1.405006e-003 0 -1
6.276104e-002 -3.003201e-001 
1
2
3 30 8 2 0 -1
5 30 4 2 0 2
haar_x4
6.419516e-003 0 -1
-8.164608e-002 4.549014e-001 
1
2
14 22 2 12 0 -1
10 26 2 4 0 3
tilted_haar_x3
-1.130516e-002 0 -1
7.467863e-002 -5.535951e-002 
1
2
10 22 12 2 0 -1
14 26 4 2 0 3
tilted_haar_x3
3.592272e-002 0 -1
-7.733681e-002 4.736895e-001 
1
3
10 14 8 14 0 -1
14 14 4 7 0 2
10 21 4 7 0 2
haar_x2_y2
1.500321e-002 0 -1
5.780229e-002 -2.651810e-001 
1
3
6 21 12 2 0 -1
6 21 6 1 0 2
12 22 6 1 0 2
haar_x2_y2
1.485701e-003 0 -1
7.451914e-002 -4.749846e-001 
1
2
14 12 1 2 0 -1
14 13 1 1 0 2
haar_y2
-7.535336e-004 0 -1
-3.975419e-001 1.503112e-002 
1
2
6 14 10 12 0 -1
11 14 5 12 0 2
haar_x2
-3.799252e-002 0 -1
5.335145e-001 -6.688520e-002 
1
2
14 12 1 2 0 -1
14 13 1 1 0 2
haar_y2
7.492401e-006 0 -1
-4.250441e-002 9.424741e-002 
1
2
9 12 1 2 0 -1
9 13 1 1 0 2
haar_y2
4.809100e-004 0 -1
4.606959e-002 -7.911392e-001 
1
2
9 0 6 7 0 -1
11 0 2 7 0 3
haar_x3
-6.168602e-004 0 -1
2.028616e-001 -1.784502e-001 
1
2
6 23 12 3 0 -1
10 24 4 1 0 9
haar_point
6.270682e-003 0 -1
-2.134952e-001 1.763276e-001 
1
2
3 12 18 4 0 -1
3 14 18 2 0 2
haar_y2
7.596157e-003 0 -1
-9.502081e-002 4.350055e-001 
1
2
1 9 21 12 0 -1
1 12 21 6 0 2
haar_y4
-3.897931e-002 0 -1
2.735526e-001 -1.250009e-001 
1
2
21 11 3 8 0 -1
21 13 3 4 0 2
haar_y4
4.153386e-003 0 -1
-8.564490e-002 2.992948e-001 
1
2
10 0 4 7 0 -1
11 0 2 7 0 2
haar_x4
-4.496058e-003 0 -1
-7.128754e-001 5.648856e-002 
1
3
17 1 4 4 0 -1
19 1 2 2 0 2
17 3 2 2 0 2
haar_x2_y2
-2.170889e-003 0 -1
2.515152e-001 -6.432560e-002 
1
2
6 21 3 3 0 -1
6 22 3 1 0 3
haar_y3
4.819282e-004 0 -1
9.163691e-002 -3.927935e-001 
1
2
6 13 15 13 0 -1
11 13 5 13 0 3
haar_x3
-1.222225e-002 0 -1
2.616674e-001 -4.393201e-002 
1
2
9 15 4 5 0 -1
11 15 2 5 0 2
haar_x2
1.911760e-003 0 -1
-1.554426e-001 2.242954e-001 
1
2
14 21 7 8 0 -1
12 23 7 4 0 2
tilted_haar_x4
-2.575577e-002 0 -1
3.539712e-001 -4.796177e-002 
1
2
4 11 14 1 0 -1
11 11 7 1 0 2
haar_x2
5.583340e-003 0 -1
1.207349e-001 -3.281418e-001 
1
2
3 8 18 1 0 -1
9 8 6 1 0 3
haar_x3
1.888830e-002 0 -1
-6.509006e-002 5.689245e-001 
1
2
12 3 12 1 0 -1
15 6 6 1 0 2
tilted_haar_x4
6.281429e-003 0 -1
-1.503395e-001 2.353887e-001 
1
2
11 2 3 6 0 -1
11 5 3 3 0 2
haar_y2
3.935846e-003 0 -1
8.974453e-002 -3.582690e-001 
1
3
3 1 4 4 0 -1
3 1 2 2 0 2
5 3 2 2 0 2
haar_x2_y2
-2.165813e-003 0 -1
4.275615e-001 -8.662479e-002 
1
2
15 0 3 3 0 -1
15 1 3 1 0 3
haar_y3
-9.367132e-004 0 -1
2.245745e-001 -5.339365e-002 
1
2
10 21 8 7 0 -1
12 23 4 7 0 2
tilted_haar_x4
-2.162594e-002 0 -1
4.807470e-001 -7.311936e-002 
1
3
13 23 8 6 0 -1
17 23 4 3 0 2
13 26 4 3 0 2
haar_x2_y2
-7.606694e-003 0 -1
-1.890245e-001 7.256403e-002 
1
2
6 27 2 1 0 -1
7 27 1 1 0 2
haar_x2
8.205751e-006 0 -1
-2.079200e-001 1.624549e-001 
1
2
14 34 3 2 0 -1
15 34 1 2 0 3
haar_x3
-4.873931e-003 0 -1
-8.005531e-001 1.523767e-002 
1
3
7 34 10 2 0 -1
7 34 5 1 0 2
12 35 5 1 0 2
haar_x2_y2
3.053206e-003 0 -1
-6.630412e-002 5.157433e-001 
1
2
14 1 3 8 0 -1
15 1 1 8 0 3
haar_x3
9.239132e-003 0 -1
2.264619e-002 -7.928450e-001 
1
2
7 1 3 8 0 -1
8 1 1 8 0 3
haar_x3
4.900261e-003 0 -1
4.790328e-002 -6.415418e-001 
1
2
19 1 3 20 0 -1
19 11 3 10 0 2
haar_y2
-7.127926e-002 0 -1
-5.962985e-001 2.644907e-002 
1
2
2 1 3 20 0 -1
2 11 3 10 0 2
haar_y2
-6.076471e-002 0 -1
-5.788462e-001 5.266393e-002 
1
2
18 16 4 10 0 -1
19 16 2 10 0 2
haar_x4
-3.325272e-003 0 -1
2.222582e-001 -1.068820e-001 
1
2
1 26 2 10 0 -1
2 26 1 10 0 2
haar_x2
2.011979e-003 0 -1
9.855419e-002 -3.625976e-001 
1
2
14 31 3 2 0 -1
15 32 1 2 0 3
tilted_haar_y3
-7.538990e-004 0 -1
1.497352e-001 -1.253600e-001 
1
2
5 26 3 6 0 -1
6 26 1 6 0 3
haar_x3
4.313093e-003 0 -1
-6.884969e-002 4.978245e-001 
1
2
3 18 18 3 0 -1
3 19 18 1 0 3
haar_y3
1.994762e-003 0 -1
9.648692e-002 -3.847705e-001 
1
2
7 34 3 2 0 -1
8 34 1 2 0 3
haar_x3
-1.887618e-003 0 -1
-6.418267e-001 5.235537e-002 
-1.043197e+000

22
-1
