51
1
2
12 25 4 5 0 -1
12 25 2 5 0 2
tilted_haar_x2
1.646274e-002 0 -1
-2.387896e-001 3.668594e-001 
1
2
0 10 24 6 0 -1
6 10 12 6 0 2
haar_x4
9.216559e-002 0 -1
-2.029015e-001 2.730295e-001 
1
2
6 16 11 8 0 -1
6 20 11 4 0 2
haar_y2
-1.003690e-002 0 -1
-4.691597e-001 1.045104e-001 
1
2
20 10 3 5 0 -1
21 11 1 5 0 3
tilted_haar_y3
-6.704737e-003 0 -1
4.691308e-001 -1.156168e-001 
1
2
0 4 1 12 0 -1
0 8 1 4 0 3
haar_y3
-7.793071e-003 0 -1
3.318924e-001 -1.505952e-001 
1
2
16 5 4 18 0 -1
16 14 4 9 0 2
haar_y2
1.380149e-002 0 -1
5.734783e-002 -2.878361e-001 
1
2
0 18 1 16 0 -1
0 22 1 8 0 2
haar_y4
4.557835e-003 0 -1
8.131906e-002 -4.254595e-001 
1
2
18 12 3 1 0 -1
19 13 1 1 0 3
tilted_haar_y3
6.476837e-004 0 -1
-1.312139e-001 2.973627e-001 
1
2
6 12 1 3 0 -1
5 13 1 1 0 3
tilted_haar_y3
-3.616620e-003 0 -1
5.503520e-001 -6.600051e-002 
1
2
13 22 3 6 0 -1
14 22 1 6 0 3
haar_x3
-2.396710e-003 0 -1
-1.975980e-001 2.340845e-002 
1
2
4 0 5 30 0 -1
4 15 5 15 0 2
haar_y2
9.826981e-003 0 -1
1.119815e-001 -3.502808e-001 
1
2
13 22 3 6 0 -1
14 22 1 6 0 3
haar_x3
1.064356e-003 0 -1
5.598445e-002 -1.104288e-001 
1
2
8 22 3 6 0 -1
9 22 1 6 0 3
haar_x3
-3.736112e-003 0 -1
-6.099092e-001 6.088251e-002 
1
3
13 0 8 2 0 -1
17 0 4 1 0 2
13 1 4 1 0 2
haar_x2_y2
1.641857e-003 0 -1
-1.100590e-001 3.299939e-001 
1
2
8 0 8 3 0 -1
8 1 8 1 0 3
haar_y3
-7.819914e-004 0 -1
3.079386e-001 -1.210490e-001 
1
2
12 25 2 7 0 -1
12 25 1 7 0 2
tilted_haar_y2
1.971141e-002 0 -1
1.890547e-002 -7.232913e-001 
1
2
12 25 7 2 0 -1
12 25 7 1 0 2
tilted_haar_y2
4.925026e-003 0 -1
-1.531387e-001 2.683036e-001 
1
2
12 26 2 6 0 -1
10 28 2 2 0 3
tilted_haar_x3
3.369779e-003 0 -1
-7.408739e-002 1.927480e-001 
1
3
9 31 6 2 0 -1
9 31 3 1 0 2
12 32 3 1 0 2
haar_x2_y2
-7.666384e-004 0 -1
3.028049e-001 -1.192860e-001 
1
2
21 0 3 1 0 -1
22 0 1 1 0 3
haar_x3
-3.418691e-003 0 -1
-7.399455e-001 1.341847e-002 
1
2
0 0 3 1 0 -1
1 0 1 1 0 3
haar_x3
-4.593014e-004 0 -1
-3.735471e-001 8.911548e-002 
1
2
2 0 20 3 0 -1
2 1 20 1 0 3
haar_y3
3.512263e-003 0 -1
-1.140912e-001 3.133076e-001 
1
2
1 12 8 9 0 -1
1 15 8 3 0 3
haar_y3
8.326670e-003 0 -1
-1.044237e-001 3.220241e-001 
1
2
14 31 4 5 0 -1
15 31 2 5 0 2
haar_x4
-9.563636e-003 0 -1
-5.563315e-001 1.363058e-002 
1
2
6 31 4 5 0 -1
7 31 2 5 0 2
haar_x4
-3.741119e-004 0 -1
2.239818e-001 -1.635514e-001 
1
2
16 28 3 2 0 -1
17 29 1 2 0 3
tilted_haar_y3
-1.073148e-003 0 -1
1.964698e-001 -1.162838e-001 
1
2
9 28 1 3 0 -1
8 29 1 1 0 3
tilted_haar_y3
1.395283e-003 0 -1
-9.829254e-002 3.983135e-001 
1
2
15 9 2 9 0 -1
15 9 1 9 0 2
tilted_haar_y2
1.154388e-002 0 -1
-1.213328e-002 7.359901e-001 
1
2
5 19 3 3 0 -1
5 20 3 1 0 3
haar_y3
-4.610459e-004 0 -1
-4.099767e-001 1.006060e-001 
1
3
19 12 2 2 0 -1
20 12 1 1 0 2
19 13 1 1 0 2
haar_x2_y2
5.853478e-004 0 -1
-5.241282e-002 3.607635e-001 
1
2
9 9 9 2 0 -1
9 9 9 1 0 2
tilted_haar_y2
-7.139602e-004 0 -1
2.403119e-001 -1.625856e-001 
1
2
13 1 10 6 0 -1
13 1 5 6 0 2
tilted_haar_y2
1.507270e-001 0 -1
-1.132375e-002 7.836885e-001 
1
2
7 12 8 6 0 -1
11 12 4 6 0 2
haar_x2
3.511658e-002 0 -1
-5.461625e-002 6.354137e-001 
1
3
19 12 2 2 0 -1
20 12 1 1 0 2
19 13 1 1 0 2
haar_x2_y2
-1.628579e-004 0 -1
2.142165e-001 -1.176438e-001 
1
2
10 10 2 2 0 -1
10 11 2 1 0 2
haar_y2
5.303147e-004 0 -1
6.579949e-002 -5.519741e-001 
1
2
14 5 2 1 0 -1
14 5 1 1 0 2
haar_x2
4.383968e-004 0 -1
4.118493e-002 -3.251114e-001 
1
2
8 5 2 1 0 -1
9 5 1 1 0 2
haar_x2
-7.492401e-006 0 -1
2.076224e-001 -1.775560e-001 
1
3
13 0 8 2 0 -1
17 0 4 1 0 2
13 1 4 1 0 2
haar_x2_y2
-8.732945e-004 0 -1
1.772800e-001 -6.354892e-002 
1
3
3 0 8 2 0 -1
3 0 4 1 0 2
7 1 4 1 0 2
haar_x2_y2
8.352958e-004 0 -1
-1.499471e-001 2.775492e-001 
1
2
17 19 6 12 0 -1
17 22 6 6 0 2
haar_y4
-1.072929e-002 0 -1
-2.791220e-001 4.156461e-002 
1
2
9 1 4 6 0 -1
11 1 2 6 0 2
haar_x2
-3.633685e-003 0 -1
-3.838945e-001 9.030645e-002 
1
2
12 0 1 4 0 -1
12 1 1 2 0 2
haar_y4
-3.097989e-004 0 -1
2.051922e-001 -7.574359e-002 
1
2
1 22 3 4 0 -1
1 24 3 2 0 2
haar_y2
-2.451081e-003 0 -1
-4.715460e-001 7.953213e-002 
1
2
20 20 1 3 0 -1
20 21 1 1 0 3
haar_y3
7.247307e-004 0 -1
2.698693e-002 -4.511302e-001 
1
2
3 23 1 2 0 -1
3 24 1 1 0 2
haar_y2
-1.626043e-005 0 -1
1.988872e-001 -1.859576e-001 
1
2
6 11 12 6 0 -1
6 14 12 3 0 2
haar_y2
-4.172540e-002 0 -1
-9.874899e-001 3.325236e-002 
1
2
0 35 2 1 0 -1
1 35 1 1 0 2
haar_x2
2.209243e-004 0 -1
9.124134e-002 -3.599488e-001 
1
2
9 23 8 4 0 -1
9 25 8 2 0 2
haar_y2
6.196326e-005 0 -1
-1.468107e-001 1.714218e-001 
1
2
4 23 14 9 0 -1
4 26 14 3 0 3
haar_y3
-3.395956e-002 0 -1
7.219189e-001 -6.535709e-002 
1
2
19 14 4 6 0 -1
20 14 2 6 0 2
haar_x4
-4.270155e-003 0 -1
2.389541e-001 -4.033908e-002 
1
2
1 15 4 12 0 -1
2 15 2 12 0 2
haar_x4
7.348185e-003 0 -1
-6.643766e-002 5.222355e-001 
-1.148176e+000

17
-1
