33
1
2
6 23 12 8 0 -1
6 25 12 4 0 2
haar_y4
2.328407e-002 0 -1
-2.358168e-001 6.540055e-001 
1
2
15 2 9 6 0 -1
18 5 3 6 0 3
tilted_haar_y3
3.362902e-002 0 -1
-1.405845e-001 3.503967e-001 
1
2
12 3 6 5 0 -1
12 3 3 5 0 2
tilted_haar_x2
-1.238097e-002 0 -1
-6.752787e-001 9.424397e-002 
1
2
14 20 4 11 0 -1
14 20 2 11 0 2
tilted_haar_y2
2.490860e-002 0 -1
-6.300880e-002 1.388859e-001 
1
2
1 0 17 3 0 -1
1 1 17 1 0 3
haar_y3
3.531448e-003 0 -1
-1.278654e-001 5.650848e-001 
1
2
5 0 19 3 0 -1
5 1 19 1 0 3
haar_y3
-2.299217e-003 0 -1
4.333613e-001 -1.375334e-001 
1
2
10 19 11 4 0 -1
10 19 11 2 0 2
tilted_haar_y2
1.910109e-002 0 -1
-1.980564e-001 3.739246e-001 
1
2
6 25 12 9 0 -1
10 28 4 3 0 9
haar_point
8.929025e-002 0 -1
-1.176411e-001 5.798978e-001 
1
2
7 18 7 4 0 -1
7 19 7 2 0 2
haar_y4
1.570757e-003 0 -1
1.414875e-001 -5.164044e-001 
1
3
18 8 6 10 0 -1
21 8 3 5 0 2
18 13 3 5 0 2
haar_x2_y2
-1.226759e-002 0 -1
3.322544e-001 -1.395475e-001 
1
2
9 2 5 9 0 -1
6 5 5 3 0 3
tilted_haar_y3
2.995116e-002 0 -1
-1.659663e-001 3.608236e-001 
1
2
22 4 2 9 0 -1
22 7 2 3 0 3
haar_y3
-6.847585e-003 0 -1
3.770841e-001 -1.071096e-001 
1
2
9 8 6 1 0 -1
12 8 3 1 0 2
haar_x2
-1.478196e-003 0 -1
-5.184637e-001 1.336555e-001 
1
2
22 25 2 1 0 -1
22 25 1 1 0 2
tilted_haar_y2
7.054536e-004 0 -1
6.372409e-002 -2.527952e-001 
1
2
2 26 1 2 0 -1
2 26 1 1 0 2
tilted_haar_y2
4.274321e-004 0 -1
1.692149e-001 -3.526736e-001 
1
2
15 7 8 20 0 -1
15 17 8 10 0 2
haar_y2
-6.381731e-002 0 -1
-3.759590e-001 6.304868e-002 
1
3
0 0 22 20 0 -1
0 0 11 10 0 2
11 10 11 10 0 2
haar_x2_y2
1.395936e-001 0 -1
7.323103e-002 -7.313948e-001 
1
2
8 4 8 2 0 -1
8 4 4 2 0 2
haar_x2
-4.286774e-003 0 -1
-4.638324e-001 1.144668e-001 
1
2
4 14 5 10 0 -1
4 19 5 5 0 2
haar_y2
-9.424726e-003 0 -1
-5.192903e-001 1.043394e-001 
1
2
3 8 18 28 0 -1
3 15 18 14 0 2
haar_y4
2.883223e-001 0 -1
6.820565e-002 -7.387009e-001 
1
2
1 11 3 3 0 -1
1 12 3 1 0 3
haar_y3
-1.178657e-003 0 -1
4.627704e-001 -1.364073e-001 
1
3
2 20 22 2 0 -1
13 20 11 1 0 2
2 21 11 1 0 2
haar_x2_y2
2.769536e-003 0 -1
9.247528e-002 -4.503126e-001 
1
2
0 8 3 9 0 -1
0 11 3 3 0 3
haar_y3
9.827394e-003 0 -1
-9.185386e-002 6.636965e-001 
1
2
22 22 1 4 0 -1
22 24 1 2 0 2
haar_y2
-6.454472e-004 0 -1
-2.179981e-001 8.881850e-002 
1
2
1 22 1 4 0 -1
1 24 1 2 0 2
haar_y2
-6.728874e-004 0 -1
-4.371743e-001 1.311753e-001 
1
2
20 22 3 4 0 -1
20 24 3 2 0 2
haar_y2
1.718993e-003 0 -1
6.201376e-002 -2.516139e-001 
1
2
1 22 3 4 0 -1
1 24 3 2 0 2
haar_y2
3.410656e-004 0 -1
1.952257e-001 -3.335351e-001 
1
2
2 0 22 6 0 -1
2 2 22 2 0 3
haar_y3
2.248454e-002 0 -1
-1.009251e-001 5.030457e-001 
1
2
1 0 20 4 0 -1
1 2 20 2 0 2
haar_y2
-1.621060e-002 0 -1
5.613028e-001 -1.106578e-001 
1
2
19 2 1 2 0 -1
19 3 1 1 0 2
haar_y2
8.802515e-004 0 -1
-2.570839e-002 5.696076e-001 
1
2
4 2 1 2 0 -1
4 3 1 1 0 2
haar_y2
7.389717e-006 0 -1
-1.802527e-001 2.713377e-001 
1
2
12 0 2 10 0 -1
12 0 1 10 0 2
haar_x2
-2.532947e-003 0 -1
-3.851927e-001 7.673864e-002 
1
2
8 1 8 1 0 -1
12 1 4 1 0 2
haar_x2
-1.863824e-003 0 -1
-4.364908e-001 1.059451e-001 
-1.170340e+000

8
-1
