26
1
2
0 8 24 7 0 -1
6 8 12 7 0 2
haar_x4
8.084668e-002 0 -1
-4.177153e-001 6.191486e-001 
1
2
8 23 8 12 0 -1
8 29 8 6 0 2
haar_y2
-7.028481e-002 0 -1
6.259987e-001 -2.658762e-001 
1
2
5 20 11 2 0 -1
5 21 11 1 0 2
haar_y2
-1.453610e-003 0 -1
-5.745465e-001 1.810557e-001 
1
2
20 7 4 4 0 -1
20 7 2 4 0 2
tilted_haar_y2
1.775030e-002 0 -1
-1.188584e-001 4.586863e-001 
1
2
10 5 8 3 0 -1
10 5 4 3 0 2
tilted_haar_x2
-1.049680e-002 0 -1
-6.092809e-001 1.203654e-001 
1
2
18 0 5 8 0 -1
18 4 5 4 0 2
haar_y2
-1.911398e-002 0 -1
3.629277e-001 -1.692137e-001 
1
3
10 19 2 2 0 -1
10 19 1 1 0 2
11 20 1 1 0 2
haar_x2_y2
5.446263e-004 0 -1
1.350003e-001 -7.200441e-001 
1
2
17 11 6 1 0 -1
19 13 2 1 0 3
tilted_haar_y3
-1.490386e-002 0 -1
9.015220e-001 -3.226579e-002 
1
3
0 0 10 4 0 -1
0 0 5 2 0 2
5 2 5 2 0 2
haar_x2_y2
6.100258e-003 0 -1
-1.537480e-001 4.752671e-001 
1
2
19 3 5 4 0 -1
19 5 5 2 0 2
haar_y2
-1.361580e-002 0 -1
6.361995e-001 -4.909679e-002 
1
2
0 2 12 29 0 -1
3 2 6 29 0 2
haar_x4
-7.082152e-002 0 -1
6.272653e-001 -1.085260e-001 
1
2
20 24 1 9 0 -1
17 27 1 3 0 3
tilted_haar_x3
1.433584e-002 0 -1
-5.405023e-002 4.128585e-001 
1
2
4 19 12 4 0 -1
8 23 4 4 0 3
tilted_haar_x3
6.456243e-002 0 -1
-1.253202e-001 6.020952e-001 
1
2
15 21 1 2 0 -1
15 22 1 1 0 2
haar_y2
-1.346274e-004 0 -1
-2.104578e-001 1.054311e-001 
1
2
8 21 1 2 0 -1
8 22 1 1 0 2
haar_y2
3.373823e-004 0 -1
1.290661e-001 -5.630535e-001 
1
2
19 3 5 4 0 -1
19 5 5 2 0 2
haar_y2
2.387602e-003 0 -1
-9.276013e-002 2.206043e-001 
1
2
0 3 5 4 0 -1
0 5 5 2 0 2
haar_y2
-8.637277e-003 0 -1
6.460640e-001 -1.254520e-001 
1
2
20 7 4 4 0 -1
20 7 2 4 0 2
tilted_haar_y2
8.135450e-003 0 -1
-7.478591e-002 1.727427e-001 
1
2
2 9 3 9 0 -1
3 12 1 3 0 9
haar_point
-1.461180e-002 0 -1
5.015998e-001 -1.567328e-001 
1
3
22 29 2 2 0 -1
23 29 1 1 0 2
22 30 1 1 0 2
haar_x2_y2
7.538684e-004 0 -1
6.991798e-002 -6.680206e-001 
1
2
12 26 6 2 0 -1
14 28 2 2 0 3
tilted_haar_x3
1.132360e-002 0 -1
-1.155653e-001 6.207314e-001 
1
3
22 29 2 2 0 -1
23 29 1 1 0 2
22 30 1 1 0 2
haar_x2_y2
-6.659685e-004 0 -1
-4.551578e-001 5.587900e-002 
1
2
0 6 1 12 0 -1
0 9 1 6 0 2
haar_y4
-6.028244e-003 0 -1
6.063626e-001 -1.187347e-001 
1
3
22 29 2 2 0 -1
23 29 1 1 0 2
22 30 1 1 0 2
haar_x2_y2
1.804394e-004 0 -1
6.193354e-002 -1.584610e-001 
1
3
0 29 2 2 0 -1
0 29 1 1 0 2
1 30 1 1 0 2
haar_x2_y2
-5.183364e-004 0 -1
-6.741328e-001 9.897351e-002 
1
2
18 6 6 1 0 -1
20 8 2 1 0 3
tilted_haar_y3
1.912873e-003 0 -1
-1.312347e-001 2.602335e-001 
-1.468919e+000

2
-1
