58
1
2
0 0 24 12 0 -1
0 4 24 4 0 3
haar_y3
3.825722e-002 0 -1
-2.339527e-001 2.817927e-001 
1
2
12 18 10 8 0 -1
10 20 10 4 0 2
tilted_haar_x4
4.042976e-002 0 -1
-9.023438e-002 1.854858e-001 
1
2
3 9 11 3 0 -1
2 10 11 1 0 3
tilted_haar_y3
-9.375321e-003 0 -1
4.304223e-001 -1.349284e-001 
1
2
12 18 10 8 0 -1
10 20 10 4 0 2
tilted_haar_x4
-1.024151e-002 0 -1
1.700465e-001 -6.317309e-002 
1
2
12 18 8 10 0 -1
14 20 4 10 0 2
tilted_haar_x4
4.462561e-002 0 -1
-1.494783e-001 3.408733e-001 
1
2
21 11 3 4 0 -1
22 12 1 4 0 3
tilted_haar_y3
5.715677e-003 0 -1
-7.578087e-002 4.757192e-001 
1
2
8 16 3 6 0 -1
9 17 1 6 0 3
tilted_haar_x3
4.387672e-003 0 -1
8.344728e-002 -5.333568e-001 
1
2
21 11 3 4 0 -1
22 12 1 4 0 3
tilted_haar_y3
-6.311174e-003 0 -1
3.428869e-001 -1.060285e-001 
1
3
3 18 18 2 0 -1
3 18 9 1 0 2
12 19 9 1 0 2
haar_x2_y2
1.678295e-003 0 -1
1.049679e-001 -4.361967e-001 
1
3
19 13 2 2 0 -1
20 13 1 1 0 2
19 14 1 1 0 2
haar_x2_y2
2.760890e-004 0 -1
-8.392581e-002 2.451824e-001 
1
3
3 13 2 2 0 -1
3 13 1 1 0 2
4 14 1 1 0 2
haar_x2_y2
3.505324e-004 0 -1
-9.934471e-002 4.260280e-001 
1
3
17 1 4 2 0 -1
19 1 2 1 0 2
17 2 2 1 0 2
haar_x2_y2
9.436774e-004 0 -1
-6.163958e-002 2.467426e-001 
1
2
10 17 1 4 0 -1
10 17 1 2 0 2
tilted_haar_y2
7.397093e-006 0 -1
-2.505288e-001 1.514460e-001 
1
2
0 1 24 6 0 -1
0 4 24 3 0 2
haar_y2
-1.947712e-002 0 -1
2.964726e-001 -1.532988e-001 
1
2
5 20 4 4 0 -1
5 21 4 2 0 2
haar_y4
-1.153175e-003 0 -1
-4.900320e-001 9.391098e-002 
1
2
21 11 3 5 0 -1
22 12 1 5 0 3
tilted_haar_y3
-1.697237e-002 0 -1
6.194144e-001 -2.704498e-002 
1
2
3 11 4 3 0 -1
2 12 4 1 0 3
tilted_haar_y3
-5.451676e-003 0 -1
3.693734e-001 -1.032910e-001 
1
2
8 1 16 3 0 -1
8 1 8 3 0 2
haar_x2
4.827727e-003 0 -1
-9.495839e-002 7.554718e-002 
1
2
3 5 14 4 0 -1
3 6 14 2 0 2
haar_y4
-6.652407e-003 0 -1
-6.982895e-001 5.035466e-002 
1
2
16 28 3 6 0 -1
17 28 1 6 0 3
haar_x3
5.927167e-003 0 -1
-4.962442e-002 4.165155e-001 
1
2
5 28 3 6 0 -1
6 28 1 6 0 3
haar_x3
-1.329566e-003 0 -1
3.001198e-001 -1.147424e-001 
1
2
12 31 6 5 0 -1
14 31 2 5 0 3
haar_x3
2.829953e-002 0 -1
-6.332928e-003 7.278962e-001 
1
2
6 31 6 5 0 -1
8 31 2 5 0 3
haar_x3
-1.160724e-003 0 -1
1.969262e-001 -1.906336e-001 
1
2
18 8 4 5 0 -1
19 9 2 5 0 2
tilted_haar_y4
6.255640e-003 0 -1
-6.860109e-002 2.390120e-001 
1
2
6 8 5 4 0 -1
5 9 5 2 0 2
tilted_haar_y4
-1.181463e-002 0 -1
5.559772e-001 -7.005096e-002 
1
2
21 2 3 6 0 -1
21 4 3 2 0 3
haar_y3
-6.057170e-003 0 -1
3.819560e-001 -6.583037e-002 
1
2
11 21 2 10 0 -1
11 21 1 10 0 2
tilted_haar_x2
9.287068e-003 0 -1
-5.212248e-002 6.526079e-001 
1
2
12 30 2 5 0 -1
12 30 1 5 0 2
haar_x2
1.477502e-003 0 -1
9.500473e-002 -2.951501e-001 
1
2
0 21 3 3 0 -1
0 22 3 1 0 3
haar_y3
3.675366e-004 0 -1
9.923273e-002 -3.219267e-001 
1
3
16 0 4 4 0 -1
18 0 2 2 0 2
16 2 2 2 0 2
haar_x2_y2
-8.933534e-004 0 -1
1.801512e-001 -7.629588e-002 
1
3
4 0 4 4 0 -1
4 0 2 2 0 2
6 2 2 2 0 2
haar_x2_y2
2.653216e-003 0 -1
-8.797705e-002 4.046754e-001 
1
2
10 11 4 3 0 -1
10 12 4 1 0 3
haar_y3
1.101167e-003 0 -1
6.235311e-002 -5.813800e-001 
1
3
10 7 4 16 0 -1
10 7 2 8 0 2
12 15 2 8 0 2
haar_x2_y2
-1.033142e-002 0 -1
4.909967e-001 -7.287334e-002 
1
2
13 21 2 10 0 -1
13 21 1 10 0 2
tilted_haar_y2
-2.258115e-002 0 -1
1.000000e+000 2.549627e-003 
1
2
11 21 10 2 0 -1
11 21 10 1 0 2
tilted_haar_y2
7.749541e-003 0 -1
-1.132204e-001 3.616674e-001 
1
2
7 0 10 7 0 -1
7 0 5 7 0 2
haar_x2
1.536341e-002 0 -1
8.272055e-002 -4.012375e-001 
1
2
11 19 11 3 0 -1
10 20 11 1 0 3
tilted_haar_y3
-3.035300e-004 0 -1
2.424832e-001 -1.436794e-001 
1
2
8 7 10 2 0 -1
8 7 5 2 0 2
haar_x2
-2.357651e-003 0 -1
-1.910517e-001 7.928431e-002 
1
2
4 17 12 4 0 -1
4 18 12 2 0 2
haar_y4
-1.529515e-003 0 -1
-3.293806e-001 9.978204e-002 
1
2
3 20 18 6 0 -1
3 23 18 3 0 2
haar_y2
-2.722888e-003 0 -1
-2.293387e-001 1.494654e-001 
1
2
8 16 6 12 0 -1
8 20 6 4 0 3
haar_y3
-2.376391e-002 0 -1
-5.828592e-001 6.449014e-002 
1
2
2 22 20 14 0 -1
2 29 20 7 0 2
haar_y2
-2.515072e-001 0 -1
-5.376958e-001 6.067586e-002 
1
3
3 13 4 2 0 -1
3 13 2 1 0 2
5 14 2 1 0 2
haar_x2_y2
-1.007282e-003 0 -1
3.568794e-001 -9.889087e-002 
1
2
17 0 4 8 0 -1
17 2 4 4 0 2
haar_y4
4.901435e-003 0 -1
-6.337959e-002 1.743403e-001 
1
2
0 0 24 36 0 -1
0 18 24 18 0 2
haar_y2
-8.354694e-002 0 -1
1.286794e-001 -2.706757e-001 
1
3
15 12 6 4 0 -1
18 12 3 2 0 2
15 14 3 2 0 2
haar_x2_y2
-3.084194e-003 0 -1
2.019032e-001 -8.184732e-002 
1
3
3 12 6 4 0 -1
3 12 3 2 0 2
6 14 3 2 0 2
haar_x2_y2
3.051555e-003 0 -1
-9.356346e-002 3.730874e-001 
1
2
12 20 5 9 0 -1
9 23 5 3 0 3
tilted_haar_x3
1.199699e-002 0 -1
-8.950622e-002 1.155351e-001 
1
2
7 26 4 1 0 -1
8 26 2 1 0 2
haar_x4
1.235483e-003 0 -1
7.259519e-002 -4.950729e-001 
1
2
11 21 12 2 0 -1
14 21 6 2 0 2
haar_x4
2.348428e-002 0 -1
9.756488e-004 -8.336959e-001 
1
2
1 21 12 2 0 -1
4 21 6 2 0 2
haar_x4
-1.313237e-003 0 -1
2.018343e-001 -1.872035e-001 
1
2
14 2 4 12 0 -1
15 3 2 12 0 2
tilted_haar_y4
-4.729078e-003 0 -1
-8.561394e-002 3.279620e-002 
1
2
10 2 12 4 0 -1
9 3 12 2 0 2
tilted_haar_y4
4.955101e-003 0 -1
1.151455e-001 -3.392677e-001 
1
2
18 13 6 13 0 -1
18 13 3 13 0 2
haar_x2
-1.885908e-002 0 -1
1.432955e-001 -4.658779e-002 
1
2
0 13 6 13 0 -1
3 13 3 13 0 2
haar_x2
2.373155e-002 0 -1
-1.018451e-001 3.516724e-001 
1
2
18 0 2 8 0 -1
18 2 2 4 0 2
haar_y4
-7.344535e-003 0 -1
4.559088e-001 -2.785523e-002 
1
2
4 0 2 8 0 -1
4 2 2 4 0 2
haar_y4
4.323894e-003 0 -1
-1.053050e-001 3.553062e-001 
1
2
16 22 5 4 0 -1
16 23 5 2 0 2
haar_y4
2.638637e-003 0 -1
3.658572e-002 -5.244911e-001 
-1.148853e+000

23
-1
