45
1
2
2 23 18 8 0 -1
2 25 18 4 0 2
haar_y4
1.927710e-002 0 -1
-2.769959e-001 4.370383e-001 
1
2
12 2 1 12 0 -1
8 6 1 4 0 3
tilted_haar_x3
8.534740e-003 0 -1
-1.645855e-001 2.040608e-001 
1
2
12 2 12 1 0 -1
16 6 4 1 0 3
tilted_haar_x3
6.249347e-003 0 -1
-2.514411e-001 2.596226e-001 
1
2
11 0 5 36 0 -1
11 18 5 18 0 2
haar_y2
-6.231868e-002 0 -1
1.731536e-001 -1.863286e-001 
1
2
1 1 22 10 0 -1
1 6 22 5 0 2
haar_y2
-6.617095e-002 0 -1
3.272773e-001 -1.753052e-001 
1
2
12 14 8 10 0 -1
12 14 4 10 0 2
haar_x2
1.588026e-003 0 -1
-2.414812e-001 1.536397e-001 
1
2
7 21 8 2 0 -1
7 22 8 1 0 2
haar_y2
-1.285968e-003 0 -1
-5.534326e-001 5.045572e-002 
1
2
5 9 15 12 0 -1
5 13 15 4 0 3
haar_y3
-1.006039e-002 0 -1
1.633329e-001 -2.797769e-001 
1
2
9 11 2 1 0 -1
9 11 1 1 0 2
tilted_haar_x2
8.249609e-004 0 -1
8.691309e-002 -5.318624e-001 
1
2
14 6 1 2 0 -1
14 7 1 1 0 2
haar_y2
3.650527e-004 0 -1
3.796532e-002 -3.620954e-001 
1
2
1 14 11 16 0 -1
1 22 11 8 0 2
haar_y2
9.235363e-002 0 -1
5.804813e-002 -7.708768e-001 
1
3
11 0 12 2 0 -1
17 0 6 1 0 2
11 1 6 1 0 2
haar_x2_y2
4.867479e-003 0 -1
-7.465570e-002 4.855676e-001 
1
2
8 8 3 4 0 -1
8 9 3 2 0 2
haar_y4
-1.432398e-003 0 -1
-6.322460e-001 7.862761e-002 
1
2
9 31 6 3 0 -1
11 32 2 1 0 9
haar_point
-4.034105e-003 0 -1
2.694438e-001 -1.580449e-001 
1
2
0 22 24 14 0 -1
0 29 24 7 0 2
haar_y2
-3.183047e-001 0 -1
-8.898483e-001 4.626272e-002 
1
2
0 7 24 6 0 -1
0 7 12 6 0 2
haar_x2
8.465980e-002 0 -1
5.251017e-002 -7.005369e-001 
1
2
9 5 3 1 0 -1
10 6 1 1 0 3
tilted_haar_x3
-1.671921e-003 0 -1
-7.136850e-001 5.108282e-002 
1
2
22 22 2 6 0 -1
22 24 2 2 0 3
haar_y3
1.024084e-003 0 -1
6.577358e-002 -2.174620e-001 
1
2
5 10 6 3 0 -1
4 11 6 1 0 3
tilted_haar_y3
4.875419e-003 0 -1
-8.353490e-002 4.774569e-001 
1
2
22 22 2 6 0 -1
22 24 2 2 0 3
haar_y3
-5.229338e-004 0 -1
-2.027291e-001 1.022858e-001 
1
2
5 9 5 4 0 -1
4 10 5 2 0 2
tilted_haar_y4
-4.894888e-003 0 -1
2.383547e-001 -1.719872e-001 
1
2
22 22 2 6 0 -1
22 24 2 2 0 3
haar_y3
3.709988e-003 0 -1
1.619188e-002 -3.146694e-001 
1
2
8 17 8 7 0 -1
10 19 4 7 0 2
tilted_haar_x4
2.956109e-002 0 -1
-9.648159e-002 4.105210e-001 
1
2
12 23 2 8 0 -1
10 25 2 4 0 2
tilted_haar_x4
-2.804914e-002 0 -1
4.485751e-001 -4.146822e-003 
1
2
12 23 8 2 0 -1
14 25 4 2 0 2
tilted_haar_x4
8.031825e-003 0 -1
-1.514131e-001 3.266359e-001 
1
2
0 3 24 9 0 -1
0 6 24 3 0 3
haar_y3
-1.703809e-002 0 -1
3.329309e-001 -1.166637e-001 
1
3
5 23 10 2 0 -1
5 23 5 1 0 2
10 24 5 1 0 2
haar_x2_y2
1.653807e-003 0 -1
9.233897e-002 -4.884227e-001 
1
3
14 0 8 2 0 -1
18 0 4 1 0 2
14 1 4 1 0 2
haar_x2_y2
-2.669168e-003 0 -1
3.963350e-001 -6.129115e-002 
1
3
2 0 8 2 0 -1
2 0 4 1 0 2
6 1 4 1 0 2
haar_x2_y2
1.829768e-003 0 -1
-1.068202e-001 3.912420e-001 
1
2
22 23 2 4 0 -1
22 24 2 2 0 2
haar_y4
1.298972e-003 0 -1
2.587392e-002 -3.344221e-001 
1
2
0 23 2 4 0 -1
0 24 2 2 0 2
haar_y4
6.161849e-004 0 -1
9.703726e-002 -4.234396e-001 
1
2
12 18 10 8 0 -1
10 20 10 4 0 2
tilted_haar_x4
-2.725657e-002 0 -1
4.034931e-001 -4.452766e-002 
1
2
9 24 9 2 0 -1
9 24 9 1 0 2
tilted_haar_y2
7.668344e-003 0 -1
-1.294769e-001 3.217711e-001 
1
2
14 4 9 26 0 -1
17 4 3 26 0 3
haar_x3
4.295573e-002 0 -1
-7.190468e-002 3.650740e-001 
1
2
1 4 9 26 0 -1
4 4 3 26 0 3
haar_x3
-2.956312e-002 0 -1
3.130021e-001 -1.565525e-001 
1
2
14 8 4 8 0 -1
14 8 2 8 0 2
tilted_haar_y2
-2.974898e-002 0 -1
-7.798671e-001 2.806430e-002 
1
2
10 8 8 4 0 -1
10 8 8 2 0 2
tilted_haar_y2
-3.073692e-003 0 -1
3.139273e-001 -1.590484e-001 
1
2
8 13 8 2 0 -1
8 14 8 1 0 2
haar_y2
1.538607e-003 0 -1
7.875387e-002 -5.601632e-001 
1
2
4 10 4 3 0 -1
3 11 4 1 0 3
tilted_haar_y3
2.490429e-003 0 -1
-1.090925e-001 4.039811e-001 
1
2
1 6 22 12 0 -1
1 9 22 6 0 2
haar_y4
-4.170013e-002 0 -1
3.432964e-001 -1.308639e-001 
1
2
3 11 11 4 0 -1
3 13 11 2 0 2
haar_y2
-2.770765e-003 0 -1
2.229762e-001 -2.268784e-001 
1
2
19 15 3 2 0 -1
20 16 1 2 0 3
tilted_haar_y3
-3.977364e-003 0 -1
2.772011e-001 -3.697721e-002 
1
2
5 14 9 3 0 -1
4 15 9 1 0 3
tilted_haar_y3
1.407968e-003 0 -1
-1.715280e-001 2.609071e-001 
1
2
19 3 5 4 0 -1
19 5 5 2 0 2
haar_y2
3.030335e-003 0 -1
-5.894602e-002 2.213299e-001 
1
2
0 3 5 4 0 -1
0 5 5 2 0 2
haar_y2
-8.775527e-003 0 -1
4.192809e-001 -1.062136e-001 
-1.240978e+000

12
-1
