41
1
2
0 11 24 4 0 -1
8 11 8 4 0 3
haar_x3
7.739659e-002 0 -1
-3.657594e-001 7.251431e-001 
1
3
10 24 14 12 0 -1
17 24 7 6 0 2
10 30 7 6 0 2
haar_x2_y2
-2.898799e-002 0 -1
4.534298e-001 -3.439578e-001 
1
2
0 8 8 3 0 -1
4 8 4 3 0 2
haar_x2
7.463346e-003 0 -1
-2.712324e-001 4.435387e-001 
1
2
4 6 16 16 0 -1
4 10 16 8 0 2
haar_y4
-2.238261e-003 0 -1
1.727507e-001 -5.961232e-001 
1
2
5 30 12 6 0 -1
9 32 4 2 0 9
haar_point
-2.807838e-002 0 -1
4.461549e-001 -2.318929e-001 
1
2
12 13 12 19 0 -1
15 13 6 19 0 2
haar_x4
-3.876781e-002 0 -1
4.175397e-001 -1.439121e-001 
1
2
0 13 20 17 0 -1
10 13 10 17 0 2
haar_x2
8.482896e-002 0 -1
-2.162524e-001 4.553175e-001 
1
2
20 10 4 3 0 -1
21 11 2 3 0 2
tilted_haar_y4
-5.295452e-003 0 -1
3.476184e-001 -1.308630e-001 
1
2
2 0 20 36 0 -1
2 18 20 18 0 2
haar_y2
-1.693512e-003 0 -1
1.903185e-001 -4.402375e-001 
1
2
22 12 2 5 0 -1
22 12 1 5 0 2
tilted_haar_y2
9.403399e-003 0 -1
-4.170431e-002 7.500260e-001 
1
2
0 12 8 11 0 -1
4 12 4 11 0 2
haar_x2
-2.488185e-002 0 -1
6.171653e-001 -2.045223e-001 
1
2
20 8 3 6 0 -1
21 9 1 6 0 3
tilted_haar_y3
3.137913e-003 0 -1
-9.928891e-002 3.548601e-001 
1
2
0 20 23 12 0 -1
0 23 23 6 0 2
haar_y4
1.206428e-002 0 -1
-3.485758e-001 2.797694e-001 
1
2
17 0 6 1 0 -1
17 0 3 1 0 2
tilted_haar_y2
7.471578e-004 0 -1
-2.635284e-001 1.340184e-001 
1
2
6 18 4 6 0 -1
6 18 4 3 0 2
tilted_haar_y2
3.099106e-003 0 -1
-3.435927e-001 3.428988e-001 
1
2
12 1 12 24 0 -1
12 7 12 12 0 2
haar_y4
-1.006017e-004 0 -1
1.728422e-001 -4.468303e-001 
1
2
10 15 12 9 0 -1
7 18 12 3 0 3
tilted_haar_y3
-1.126838e-002 0 -1
5.311604e-001 -2.472583e-001 
1
2
20 4 3 20 0 -1
15 9 3 10 0 2
tilted_haar_x4
4.983656e-003 0 -1
-1.827989e-001 2.923289e-001 
1
3
1 12 22 12 0 -1
1 12 11 6 0 2
12 18 11 6 0 2
haar_x2_y2
-3.263270e-003 0 -1
3.605303e-001 -3.612345e-001 
1
3
4 0 20 6 0 -1
14 0 10 3 0 2
4 3 10 3 0 2
haar_x2_y2
-1.707417e-003 0 -1
3.095253e-001 -1.642211e-001 
1
2
2 13 6 2 0 -1
4 13 2 2 0 3
haar_x3
1.726592e-003 0 -1
-2.104875e-001 4.834757e-001 
1
2
17 11 2 7 0 -1
17 11 1 7 0 2
haar_x2
2.070650e-004 0 -1
-2.666828e-001 1.705497e-001 
1
2
6 9 10 15 0 -1
6 14 10 5 0 3
haar_y3
-8.108204e-005 0 -1
2.550555e-001 -4.821605e-001 
1
2
19 5 4 10 0 -1
19 5 4 5 0 2
tilted_haar_x2
-4.166962e-003 0 -1
2.038642e-001 -1.357942e-001 
1
2
1 28 12 7 0 -1
5 28 4 7 0 3
haar_x3
-2.824893e-002 0 -1
6.567132e-001 -1.648793e-001 
1
2
17 10 3 6 0 -1
18 11 1 6 0 3
tilted_haar_y3
-3.136236e-004 0 -1
2.035462e-001 -1.076601e-001 
1
2
8 11 5 3 0 -1
7 12 5 1 0 3
tilted_haar_y3
5.709510e-005 0 -1
-2.834507e-001 3.876572e-001 
1
3
12 0 12 4 0 -1
18 0 6 2 0 2
12 2 6 2 0 2
haar_x2_y2
1.049896e-002 0 -1
-1.876959e-001 5.983655e-001 
1
2
2 3 6 16 0 -1
2 7 6 8 0 2
haar_y4
-5.080129e-003 0 -1
3.223048e-001 -4.442448e-001 
1
2
16 8 7 16 0 -1
16 16 7 8 0 2
haar_y2
-4.205037e-005 0 -1
2.562863e-001 -2.196564e-001 
1
3
1 11 22 10 0 -1
1 11 11 5 0 2
12 16 11 5 0 2
haar_x2_y2
1.546326e-003 0 -1
-2.787879e-001 4.516751e-001 
1
2
15 14 5 9 0 -1
15 17 5 3 0 3
haar_y3
8.826158e-006 0 -1
-2.834339e-001 1.664365e-001 
1
3
3 13 18 6 0 -1
3 13 9 3 0 2
12 16 9 3 0 2
haar_x2_y2
-4.444080e-004 0 -1
4.036155e-001 -4.211033e-001 
1
2
19 21 3 6 0 -1
17 23 3 2 0 3
tilted_haar_x3
9.493700e-003 0 -1
-1.191261e-001 4.133586e-001 
1
2
5 21 6 3 0 -1
7 23 2 3 0 3
tilted_haar_x3
-1.897501e-004 0 -1
4.297725e-001 -4.187259e-001 
1
2
21 3 3 3 0 -1
20 4 3 1 0 3
tilted_haar_x3
-1.695049e-003 0 -1
3.067771e-001 -1.387997e-001 
1
2
3 3 3 3 0 -1
4 4 1 3 0 3
tilted_haar_x3
-1.425091e-003 0 -1
4.931193e-001 -2.676671e-001 
1
2
9 31 12 1 0 -1
13 31 4 1 0 3
haar_x3
2.845012e-003 0 -1
-1.167652e-001 4.001909e-001 
1
2
1 29 16 2 0 -1
9 29 8 2 0 2
haar_x2
-1.211953e-002 0 -1
6.081161e-001 -2.665640e-001 
1
2
11 0 12 33 0 -1
11 0 6 33 0 2
haar_x2
-1.310537e-001 0 -1
7.392565e-001 -5.951829e-002 
1
2
1 0 12 32 0 -1
7 0 6 32 0 2
haar_x2
9.109828e-002 0 -1
-2.972298e-001 5.192696e-001 
-1.749803e+000

3
-1
