33
1
3
0 22 16 14 0 -1
0 22 8 7 0 2
8 29 8 7 0 2
haar_x2_y2
-4.572992e-002 0 -1
4.182678e-001 -3.826529e-001 
1
2
15 2 9 6 0 -1
18 5 3 6 0 3
tilted_haar_y3
1.696398e-002 0 -1
-2.679930e-001 2.915090e-001 
1
2
4 9 6 2 0 -1
4 9 6 1 0 2
tilted_haar_y2
8.290397e-003 0 -1
-1.724461e-001 6.606039e-001 
1
2
16 7 8 4 0 -1
18 9 4 4 0 2
tilted_haar_y4
-1.836847e-002 0 -1
3.546903e-001 -1.311172e-001 
1
2
6 7 6 6 0 -1
4 9 6 2 0 3
tilted_haar_y3
-2.570676e-002 0 -1
5.217147e-001 -1.375945e-001 
1
2
19 10 3 4 0 -1
20 11 1 4 0 3
tilted_haar_y3
1.938902e-003 0 -1
-1.291143e-001 3.235810e-001 
1
2
9 20 1 3 0 -1
9 21 1 1 0 3
haar_y3
4.664608e-004 0 -1
1.089668e-001 -7.020984e-001 
1
2
19 10 3 4 0 -1
20 11 1 4 0 3
tilted_haar_y3
-5.710436e-003 0 -1
4.059046e-001 -7.070367e-002 
1
2
5 10 4 3 0 -1
4 11 4 1 0 3
tilted_haar_y3
4.957485e-003 0 -1
-1.215089e-001 6.325902e-001 
1
2
15 20 6 4 0 -1
15 21 6 2 0 2
haar_y4
1.968781e-003 0 -1
1.031976e-001 -6.116164e-001 
1
2
3 20 6 4 0 -1
3 21 6 2 0 2
haar_y4
-2.284379e-003 0 -1
-6.674045e-001 1.112160e-001 
1
2
12 2 12 2 0 -1
12 2 6 2 0 2
haar_x2
8.290250e-003 0 -1
-1.086679e-001 1.219403e-001 
1
2
0 2 12 2 0 -1
6 2 6 2 0 2
haar_x2
-1.451737e-002 0 -1
7.451521e-001 -1.080999e-001 
1
3
12 13 2 2 0 -1
13 13 1 1 0 2
12 14 1 1 0 2
haar_x2_y2
-3.124958e-004 0 -1
-3.956616e-001 1.037872e-001 
1
2
12 21 7 8 0 -1
10 23 7 4 0 2
tilted_haar_y4
3.270394e-002 0 -1
-1.121473e-001 5.570720e-001 
1
2
8 20 16 6 0 -1
12 20 8 6 0 2
haar_x4
1.733645e-002 0 -1
-1.027003e-001 1.937944e-001 
1
2
0 2 1 18 0 -1
0 8 1 6 0 3
haar_y3
-1.328902e-002 0 -1
4.820218e-001 -1.508747e-001 
1
2
12 26 6 2 0 -1
14 28 2 2 0 3
tilted_haar_y3
-9.104945e-003 0 -1
3.848750e-001 -8.585487e-002 
1
2
0 2 3 9 0 -1
0 5 3 3 0 3
haar_y3
-9.528607e-003 0 -1
5.415897e-001 -1.356719e-001 
1
2
12 19 4 11 0 -1
12 19 2 11 0 2
tilted_haar_y2
2.868035e-002 0 -1
-4.221085e-002 4.028813e-001 
1
2
1 4 10 14 0 -1
1 11 10 7 0 2
haar_y2
-1.013746e-002 0 -1
1.922327e-001 -4.086109e-001 
1
2
13 25 6 5 0 -1
15 27 2 5 0 3
tilted_haar_y3
1.410176e-002 0 -1
-9.373566e-002 3.291586e-001 
1
2
12 26 4 6 0 -1
10 28 4 2 0 3
tilted_haar_y3
-1.927811e-002 0 -1
5.316499e-001 -1.498337e-001 
1
2
2 4 21 19 0 -1
9 4 7 19 0 3
haar_x3
2.108164e-001 0 -1
-1.439305e-001 2.894299e-001 
1
3
0 0 10 4 0 -1
0 0 5 2 0 2
5 2 5 2 0 2
haar_x2_y2
7.877993e-003 0 -1
-1.525700e-001 4.677561e-001 
1
2
16 16 1 2 0 -1
16 17 1 1 0 2
haar_y2
-8.149425e-006 0 -1
1.544170e-001 -1.481833e-001 
1
2
7 16 1 2 0 -1
7 17 1 1 0 2
haar_y2
6.756386e-006 0 -1
-2.441601e-001 3.041015e-001 
1
2
22 21 2 14 0 -1
22 28 2 7 0 2
haar_y2
1.957686e-002 0 -1
-3.103300e-003 -4.761909e-001 
1
2
9 5 3 2 0 -1
9 5 3 1 0 2
tilted_haar_y2
-7.723940e-006 0 -1
3.389710e-001 -1.716528e-001 
1
2
9 19 15 8 0 -1
14 19 5 8 0 3
haar_x3
-2.234327e-002 0 -1
2.325944e-001 -8.590252e-002 
1
2
0 17 18 12 0 -1
6 17 6 12 0 3
haar_x3
-3.907533e-002 0 -1
4.693162e-001 -1.777878e-001 
1
2
16 20 8 4 0 -1
16 20 4 4 0 2
tilted_haar_y2
7.779832e-003 0 -1
-1.598524e-001 1.537586e-001 
1
2
7 21 4 6 0 -1
7 21 4 3 0 2
tilted_haar_y2
3.389953e-003 0 -1
-3.162075e-001 2.267411e-001 
-1.395170e+000

6
-1
