59
1
2
5 22 13 9 0 -1
5 25 13 3 0 3
haar_y3
4.469758e-002 0 -1
-1.735002e-001 4.198283e-001 
1
2
20 7 4 4 0 -1
20 7 2 4 0 2
tilted_haar_y2
7.284237e-003 0 -1
-2.213079e-001 1.535420e-001 
1
2
7 19 14 2 0 -1
7 19 14 1 0 2
tilted_haar_y2
9.891276e-003 0 -1
-1.460491e-001 3.280293e-001 
1
2
23 9 1 9 0 -1
23 12 1 3 0 3
haar_y3
4.975618e-003 0 -1
-9.855751e-002 4.942761e-001 
1
2
0 9 1 9 0 -1
0 12 1 3 0 3
haar_y3
-4.421884e-003 0 -1
4.479492e-001 -7.609577e-002 
1
2
12 17 6 6 0 -1
12 20 6 3 0 2
haar_y2
-5.103304e-003 0 -1
-3.714070e-001 2.209263e-002 
1
3
6 18 12 4 0 -1
6 18 6 2 0 2
12 20 6 2 0 2
haar_x2_y2
2.021539e-003 0 -1
1.282273e-001 -3.165851e-001 
1
2
17 17 6 17 0 -1
19 17 2 17 0 3
haar_x3
-2.121348e-002 0 -1
2.945918e-001 -9.654447e-002 
1
2
8 14 8 1 0 -1
10 14 4 1 0 2
haar_x4
4.159416e-004 0 -1
-1.999368e-001 1.736681e-001 
1
2
18 10 3 5 0 -1
19 11 1 5 0 3
tilted_haar_y3
5.024301e-003 0 -1
-6.570356e-002 3.246329e-001 
1
2
6 10 5 3 0 -1
5 11 5 1 0 3
tilted_haar_y3
4.686971e-003 0 -1
-8.992892e-002 3.788352e-001 
1
2
2 6 21 3 0 -1
9 6 7 3 0 3
haar_x3
8.322942e-002 0 -1
-4.066709e-002 6.541880e-001 
1
2
3 2 2 7 0 -1
4 2 1 7 0 2
haar_x2
3.176668e-004 0 -1
-2.202213e-001 1.708158e-001 
1
2
0 4 24 8 0 -1
0 6 24 4 0 2
haar_y4
-1.018699e-002 0 -1
3.350660e-001 -1.140976e-001 
1
2
4 7 3 15 0 -1
4 12 3 5 0 3
haar_y3
-4.115764e-003 0 -1
1.499165e-001 -2.599662e-001 
1
2
13 6 3 7 0 -1
14 7 1 7 0 3
tilted_haar_y3
3.476963e-003 0 -1
3.476569e-002 -2.584120e-001 
1
2
0 18 3 2 0 -1
0 19 3 1 0 2
haar_y2
-1.743113e-005 0 -1
1.942015e-001 -1.721873e-001 
1
2
13 6 3 7 0 -1
14 7 1 7 0 3
tilted_haar_y3
-4.648912e-003 0 -1
-2.816278e-001 4.156515e-002 
1
2
5 12 4 3 0 -1
4 13 4 1 0 3
tilted_haar_y3
2.794631e-003 0 -1
-9.660008e-002 3.512308e-001 
1
3
22 28 2 2 0 -1
23 28 1 1 0 2
22 29 1 1 0 2
haar_x2_y2
3.275519e-004 0 -1
4.233836e-002 -2.993813e-001 
1
2
12 31 1 4 0 -1
11 32 1 2 0 2
tilted_haar_y4
-6.043775e-004 0 -1
1.974768e-001 -1.782011e-001 
1
2
12 0 4 4 0 -1
12 1 4 2 0 2
haar_y4
-1.443454e-003 0 -1
2.416272e-001 -6.082318e-002 
1
3
0 28 2 2 0 -1
0 28 1 1 0 2
1 29 1 1 0 2
haar_x2_y2
1.898308e-004 0 -1
1.022605e-001 -3.607744e-001 
1
2
17 17 6 17 0 -1
19 17 2 17 0 3
haar_x3
4.531958e-002 0 -1
-2.537273e-002 6.198595e-001 
1
2
1 17 6 17 0 -1
3 17 2 17 0 3
haar_x3
-1.227698e-002 0 -1
2.864969e-001 -1.231562e-001 
1
2
7 11 10 12 0 -1
7 14 10 6 0 2
haar_y4
-2.887808e-003 0 -1
1.581756e-001 -2.014802e-001 
1
2
0 7 24 8 0 -1
0 9 24 4 0 2
haar_y4
-2.871494e-002 0 -1
4.531968e-001 -8.352101e-002 
1
3
9 27 14 2 0 -1
16 27 7 1 0 2
9 28 7 1 0 2
haar_x2_y2
8.147230e-004 0 -1
-6.676430e-002 1.712991e-001 
1
2
4 6 4 18 0 -1
4 15 4 9 0 2
haar_y2
2.298078e-002 0 -1
7.717275e-002 -4.608544e-001 
1
2
15 6 7 24 0 -1
15 14 7 8 0 3
haar_y3
-1.054822e-001 0 -1
-3.685095e-001 3.034529e-002 
1
3
3 10 18 10 0 -1
3 10 9 5 0 2
12 15 9 5 0 2
haar_x2_y2
3.409959e-002 0 -1
7.344557e-002 -4.310302e-001 
1
2
15 3 2 1 0 -1
15 3 1 1 0 2
tilted_haar_y2
4.377640e-004 0 -1
4.269215e-002 -1.534691e-001 
1
2
9 3 1 2 0 -1
9 3 1 1 0 2
tilted_haar_y2
-2.001847e-003 0 -1
-7.770841e-001 3.767464e-002 
1
2
8 31 9 3 0 -1
11 32 3 1 0 9
haar_point
-9.745866e-003 0 -1
1.548824e-001 -8.615639e-002 
1
2
6 33 6 3 0 -1
8 34 2 1 0 9
haar_point
-3.181851e-003 0 -1
2.375320e-001 -1.368190e-001 
1
2
13 35 4 1 0 -1
14 35 2 1 0 2
haar_x4
7.112658e-004 0 -1
5.748505e-002 -2.409359e-001 
1
2
7 35 4 1 0 -1
8 35 2 1 0 2
haar_x4
-1.210818e-003 0 -1
-5.623227e-001 6.655058e-002 
1
2
6 18 12 3 0 -1
6 19 12 1 0 3
haar_y3
1.706663e-003 0 -1
6.806947e-002 -4.497651e-001 
1
3
3 34 10 2 0 -1
3 34 5 1 0 2
8 35 5 1 0 2
haar_x2_y2
-1.293894e-003 0 -1
3.755168e-001 -9.363269e-002 
1
2
18 0 3 8 0 -1
19 0 1 8 0 3
haar_x3
5.269397e-003 0 -1
4.323569e-002 -4.007357e-001 
1
2
11 22 8 3 0 -1
10 23 8 1 0 3
tilted_haar_y3
-1.912622e-003 0 -1
2.832533e-001 -1.187890e-001 
1
2
19 12 3 15 0 -1
20 13 1 15 0 3
tilted_haar_y3
9.658387e-003 0 -1
-2.852486e-002 2.492742e-001 
1
2
5 12 15 3 0 -1
4 13 15 1 0 3
tilted_haar_y3
-5.777931e-003 0 -1
3.249107e-001 -1.097847e-001 
1
2
1 18 23 4 0 -1
1 19 23 2 0 2
haar_y4
-2.138373e-003 0 -1
-3.010489e-001 8.790614e-002 
1
2
9 0 4 9 0 -1
10 1 2 9 0 2
tilted_haar_x4
-9.844175e-003 0 -1
4.479278e-001 -8.267831e-002 
1
2
13 7 4 8 0 -1
11 9 4 4 0 2
tilted_haar_x4
3.577002e-002 0 -1
2.322879e-002 -3.467195e-001 
1
2
11 7 8 4 0 -1
13 9 4 4 0 2
tilted_haar_x4
2.096237e-002 0 -1
-7.765988e-002 5.112038e-001 
1
2
15 24 2 9 0 -1
15 24 1 9 0 2
tilted_haar_y2
2.462736e-002 0 -1
2.506234e-002 -8.784670e-001 
1
2
9 12 3 3 0 -1
10 13 1 1 0 9
haar_point
2.340991e-005 0 -1
-2.022474e-001 1.579071e-001 
1
2
15 23 2 11 0 -1
15 23 1 11 0 2
tilted_haar_y2
2.175399e-002 0 -1
1.202234e-002 -5.555177e-001 
1
2
11 2 8 9 0 -1
11 2 4 9 0 2
tilted_haar_x2
-3.837521e-002 0 -1
-3.832916e-001 8.992685e-002 
1
2
15 24 2 9 0 -1
15 24 1 9 0 2
tilted_haar_y2
4.929324e-003 0 -1
-8.836787e-002 1.122724e-001 
1
2
11 17 4 6 0 -1
11 17 4 3 0 2
tilted_haar_y2
7.923952e-003 0 -1
-1.767277e-001 2.142259e-001 
1
2
11 6 12 30 0 -1
15 16 4 10 0 9
haar_point
5.420024e-001 0 -1
3.520809e-003 -6.956269e-001 
1
2
0 6 12 30 0 -1
4 16 4 10 0 9
haar_point
4.006398e-001 0 -1
-4.546119e-002 7.713680e-001 
1
2
10 21 7 4 0 -1
10 23 7 2 0 2
haar_y2
-1.421156e-003 0 -1
-1.469434e-001 8.359306e-002 
1
2
0 3 2 4 0 -1
0 5 2 2 0 2
haar_y2
-9.464011e-003 0 -1
7.794591e-001 -4.135572e-002 
1
2
16 1 3 3 0 -1
17 1 1 3 0 3
haar_x3
8.793094e-005 0 -1
-1.087829e-001 1.248715e-001 
1
2
1 0 21 15 0 -1
8 5 7 5 0 9
haar_point
3.797374e-001 0 -1
-6.551155e-002 5.011166e-001 
-1.123961e+000

20
-1
