50
1
2
8 20 8 16 0 -1
8 28 8 8 0 2
haar_y2
-9.019238e-002 0 -1
5.560936e-001 -3.689011e-001 
1
2
0 1 24 13 0 -1
6 1 12 13 0 2
haar_x4
1.391602e-001 0 -1
-2.924526e-001 5.622445e-001 
1
2
1 1 5 18 0 -1
1 10 5 9 0 2
haar_y2
-1.703030e-003 0 -1
2.405908e-001 -5.420131e-001 
1
2
9 22 7 12 0 -1
9 25 7 6 0 2
haar_y4
7.682896e-003 0 -1
-3.025360e-001 2.796542e-001 
1
2
4 6 16 16 0 -1
4 10 16 8 0 2
haar_y4
-2.579313e-003 0 -1
1.382921e-001 -4.899777e-001 
1
2
21 3 3 12 0 -1
21 7 3 4 0 3
haar_y3
-2.017982e-002 0 -1
6.458014e-001 -1.539778e-001 
1
2
12 3 12 6 0 -1
16 7 4 6 0 3
tilted_haar_x3
3.719540e-004 0 -1
-2.955409e-001 2.945634e-001 
1
2
21 9 3 4 0 -1
22 10 1 4 0 3
tilted_haar_y3
3.550583e-003 0 -1
-1.665965e-001 3.640665e-001 
1
2
5 10 2 4 0 -1
4 11 2 2 0 2
tilted_haar_y4
-2.437564e-003 0 -1
3.769530e-001 -2.360087e-001 
1
2
19 11 3 4 0 -1
20 11 1 4 0 3
haar_x3
-6.949077e-004 0 -1
2.198223e-001 -1.344068e-001 
1
2
5 10 2 4 0 -1
4 11 2 2 0 2
tilted_haar_y4
2.743081e-004 0 -1
-1.928844e-001 3.994720e-001 
1
2
2 0 20 36 0 -1
2 18 20 18 0 2
haar_y2
-1.509073e-003 0 -1
1.540166e-001 -4.659650e-001 
1
2
0 0 9 12 0 -1
3 4 3 4 0 9
haar_point
-1.820812e-002 0 -1
3.676098e-001 -2.276296e-001 
1
2
21 1 2 12 0 -1
21 5 2 4 0 3
haar_y3
7.119217e-003 0 -1
-1.207222e-001 3.262070e-001 
1
2
9 8 2 1 0 -1
10 8 1 1 0 2
haar_x2
-6.756386e-006 0 -1
2.986577e-001 -2.907155e-001 
1
2
14 18 2 3 0 -1
14 19 2 1 0 3
haar_y3
-9.158978e-004 0 -1
-5.598733e-001 7.617171e-002 
1
2
0 20 21 16 0 -1
7 20 7 16 0 3
haar_x3
-1.187655e-001 0 -1
6.369790e-001 -1.286482e-001 
1
2
0 24 24 8 0 -1
6 24 12 8 0 2
haar_x4
1.231183e-001 0 -1
-8.405691e-002 7.560158e-001 
1
2
0 11 24 8 0 -1
0 15 24 4 0 2
haar_y2
2.273331e-003 0 -1
-3.306822e-001 3.180012e-001 
1
2
5 10 14 16 0 -1
5 14 14 8 0 2
haar_y4
-2.942154e-003 0 -1
3.071649e-001 -4.885897e-001 
1
2
12 14 3 12 0 -1
12 14 3 6 0 2
tilted_haar_y2
4.799654e-004 0 -1
-3.670033e-001 2.881774e-001 
1
2
16 13 4 14 0 -1
16 20 4 7 0 2
haar_y2
1.385463e-005 0 -1
-2.420980e-001 9.923296e-002 
1
2
12 15 10 1 0 -1
12 15 5 1 0 2
tilted_haar_x2
9.788902e-004 0 -1
-4.124951e-001 3.324180e-001 
1
2
0 16 24 10 0 -1
8 16 8 10 0 3
haar_x3
-8.584950e-003 0 -1
5.952355e-001 -3.950287e-001 
1
2
2 19 20 3 0 -1
7 19 10 3 0 2
haar_x4
2.617100e-004 0 -1
-4.167907e-001 3.658783e-001 
1
2
5 5 14 4 0 -1
5 7 14 2 0 2
haar_y2
-6.678615e-005 0 -1
2.873156e-001 -5.517689e-001 
1
2
3 17 6 4 0 -1
3 19 6 2 0 2
haar_y2
1.027854e-005 0 -1
-3.558290e-001 3.869794e-001 
1
2
15 0 2 6 0 -1
15 0 1 6 0 2
tilted_haar_y2
-1.056605e-005 0 -1
2.706492e-001 -3.967756e-001 
1
2
11 1 8 1 0 -1
13 3 4 1 0 2
tilted_haar_x4
-1.517666e-004 0 -1
4.490254e-001 -2.605679e-001 
1
2
11 22 11 12 0 -1
11 25 11 6 0 2
haar_y4
1.777548e-002 0 -1
-9.479415e-002 2.485293e-001 
1
2
0 14 23 6 0 -1
0 16 23 2 0 3
haar_y3
1.151889e-005 0 -1
-3.503841e-001 3.244613e-001 
1
2
12 18 3 1 0 -1
13 19 1 1 0 3
tilted_haar_y3
-8.942264e-006 0 -1
2.243059e-001 -3.051144e-001 
1
3
0 18 22 16 0 -1
0 18 11 8 0 2
11 26 11 8 0 2
haar_x2_y2
-2.660735e-003 0 -1
3.793927e-001 -3.144663e-001 
1
3
3 24 20 10 0 -1
13 24 10 5 0 2
3 29 10 5 0 2
haar_x2_y2
-3.957340e-003 0 -1
2.732385e-001 -2.398076e-001 
1
2
0 8 24 9 0 -1
0 11 24 3 0 3
haar_y3
1.408770e-002 0 -1
-1.735078e-001 5.402200e-001 
1
2
4 7 17 4 0 -1
4 9 17 2 0 2
haar_y2
-1.941595e-005 0 -1
2.058965e-001 -4.273241e-001 
1
2
1 10 8 2 0 -1
3 10 4 2 0 2
haar_x4
2.046706e-003 0 -1
-2.396977e-001 4.568290e-001 
1
2
6 10 16 4 0 -1
10 10 8 4 0 2
haar_x4
3.430953e-005 0 -1
-3.543514e-001 1.402313e-001 
1
2
3 6 12 9 0 -1
7 9 4 3 0 9
haar_point
5.270033e-003 0 -1
-4.133458e-001 3.069445e-001 
1
2
20 4 1 12 0 -1
16 8 1 4 0 3
tilted_haar_x3
-9.673332e-006 0 -1
3.123310e-001 -3.544519e-001 
1
2
4 7 14 10 0 -1
4 12 14 5 0 2
haar_y2
-4.370828e-004 0 -1
3.054549e-001 -4.726523e-001 
1
2
12 6 7 10 0 -1
12 11 7 5 0 2
haar_y2
1.410177e-003 0 -1
-1.604347e-001 4.099211e-001 
1
2
4 4 12 1 0 -1
8 8 4 1 0 3
tilted_haar_x3
-1.587908e-005 0 -1
3.927457e-001 -3.485413e-001 
1
2
6 4 18 3 0 -1
6 4 9 3 0 2
haar_x2
1.422215e-004 0 -1
-2.485754e-001 2.284870e-001 
1
2
0 3 12 6 0 -1
4 5 4 2 0 9
haar_point
-9.626232e-003 0 -1
5.040246e-001 -3.083763e-001 
1
2
22 21 2 15 0 -1
22 21 1 15 0 2
haar_x2
-1.006425e-005 0 -1
1.704452e-001 -1.103893e-001 
1
2
11 5 13 2 0 -1
11 5 13 1 0 2
tilted_haar_y2
-3.808211e-004 0 -1
3.444918e-001 -2.965397e-001 
1
2
13 9 11 12 0 -1
9 13 11 4 0 3
tilted_haar_x3
-3.818769e-002 0 -1
3.517663e-001 -7.997397e-002 
1
2
3 0 4 3 0 -1
4 1 2 3 0 2
tilted_haar_x4
-8.825545e-004 0 -1
3.569819e-001 -2.578047e-001 
1
2
11 10 3 4 0 -1
11 11 3 2 0 2
haar_y4
1.534231e-003 0 -1
1.026274e-001 -7.411799e-001 
-1.565762e+000

4
-1
