46
1
2
6 23 12 12 0 -1
6 29 12 6 0 2
haar_y2
-6.837586e-002 0 -1
7.318228e-001 -4.872755e-001 
1
2
16 4 8 6 0 -1
16 4 4 6 0 2
tilted_haar_y2
1.963641e-002 0 -1
-3.809645e-001 4.706354e-001 
1
2
2 10 14 2 0 -1
2 10 7 2 0 2
tilted_haar_x2
-1.178539e-002 0 -1
4.556332e-001 -5.283543e-001 
1
2
3 1 21 18 0 -1
3 10 21 9 0 2
haar_y2
-7.225762e-005 0 -1
2.386633e-001 -4.877042e-001 
1
2
0 3 2 15 0 -1
0 8 2 5 0 3
haar_y3
-1.755843e-002 0 -1
6.430638e-001 -1.886582e-001 
1
2
0 2 24 29 0 -1
6 2 12 29 0 2
haar_x4
2.846676e-001 0 -1
-1.366185e-001 6.524472e-001 
1
2
4 0 16 10 0 -1
8 0 8 10 0 2
haar_x4
-8.050017e-003 0 -1
3.849116e-001 -3.422025e-001 
1
2
11 3 12 2 0 -1
11 3 6 2 0 2
haar_x2
1.360203e-002 0 -1
-9.833214e-002 4.861813e-001 
1
2
8 10 15 6 0 -1
6 12 15 2 0 3
tilted_haar_y3
-2.022368e-003 0 -1
3.312778e-001 -3.122481e-001 
1
2
12 17 6 12 0 -1
12 17 3 12 0 2
tilted_haar_y2
5.094521e-002 0 -1
-6.895129e-002 4.178230e-001 
1
2
1 0 18 9 0 -1
10 0 9 9 0 2
haar_x2
6.364875e-003 0 -1
-3.615440e-001 3.336316e-001 
1
2
2 0 20 36 0 -1
2 18 20 18 0 2
haar_y2
-8.499552e-004 0 -1
1.935156e-001 -5.455299e-001 
1
2
2 9 19 18 0 -1
2 18 19 9 0 2
haar_y2
4.250015e-004 0 -1
-3.740079e-001 4.527810e-001 
1
2
16 0 2 7 0 -1
16 0 1 7 0 2
tilted_haar_y2
9.673332e-006 0 -1
-2.805600e-001 1.169932e-001 
1
2
9 0 6 4 0 -1
9 0 6 2 0 2
tilted_haar_y2
-1.620856e-004 0 -1
4.350035e-001 -4.203560e-001 
1
2
11 4 6 22 0 -1
11 4 3 22 0 2
haar_x2
-2.867714e-003 0 -1
2.022202e-001 -1.131778e-001 
1
2
7 4 6 22 0 -1
10 4 3 22 0 2
haar_x2
1.076503e-003 0 -1
-3.239265e-001 3.661001e-001 
1
2
16 28 6 1 0 -1
18 30 2 1 0 3
tilted_haar_y3
-4.381522e-004 0 -1
2.055057e-001 -2.942521e-001 
1
2
3 7 12 14 0 -1
9 7 6 14 0 2
haar_x2
-4.642442e-003 0 -1
4.815241e-001 -2.531858e-001 
1
2
5 3 16 14 0 -1
9 3 8 14 0 2
haar_x4
2.318778e-003 0 -1
-2.571132e-001 2.825057e-001 
1
2
8 21 6 8 0 -1
8 25 6 4 0 2
haar_y2
5.105223e-004 0 -1
-3.385957e-001 3.488206e-001 
1
2
8 16 16 18 0 -1
8 25 16 9 0 2
haar_y2
-8.578002e-005 0 -1
2.294516e-001 -4.225508e-001 
1
2
7 7 10 18 0 -1
7 13 10 6 0 3
haar_y3
-1.711632e-003 0 -1
3.010702e-001 -3.892295e-001 
1
2
1 0 22 15 0 -1
1 5 22 5 0 3
haar_y3
-4.814712e-002 0 -1
6.103631e-001 -2.146983e-001 
1
2
1 12 8 10 0 -1
5 12 4 10 0 2
haar_x2
2.627204e-002 0 -1
-2.039954e-001 5.247326e-001 
1
2
15 1 4 2 0 -1
16 1 2 2 0 2
haar_x4
8.825720e-006 0 -1
-2.083534e-001 1.289620e-001 
1
2
4 8 6 8 0 -1
4 12 6 4 0 2
haar_y2
-1.305333e-005 0 -1
2.679089e-001 -4.156688e-001 
1
2
3 25 20 4 0 -1
8 25 10 4 0 2
haar_x4
-2.708261e-005 0 -1
2.788707e-001 -2.131886e-001 
1
2
3 5 21 1 0 -1
10 12 7 1 0 3
tilted_haar_x3
5.131906e-003 0 -1
-2.855399e-001 4.016774e-001 
1
3
2 13 20 18 0 -1
12 13 10 9 0 2
2 22 10 9 0 2
haar_x2_y2
-1.821307e-003 0 -1
3.471655e-001 -3.779678e-001 
1
2
9 13 5 18 0 -1
9 22 5 9 0 2
haar_y2
7.866768e-004 0 -1
-2.849487e-001 3.975210e-001 
1
2
3 2 21 34 0 -1
3 19 21 17 0 2
haar_y2
-1.474714e-004 0 -1
2.381780e-001 -4.756382e-001 
1
2
7 3 2 2 0 -1
8 3 1 2 0 2
haar_x2
-8.018445e-006 0 -1
3.247369e-001 -2.967332e-001 
1
2
13 1 3 10 0 -1
14 2 1 10 0 3
tilted_haar_y3
-1.947413e-002 0 -1
-1.000000e+000 2.694879e-002 
1
2
12 3 6 3 0 -1
11 4 6 1 0 3
tilted_haar_y3
-4.451218e-003 0 -1
-7.375996e-001 1.273897e-001 
1
3
10 0 14 6 0 -1
17 0 7 3 0 2
10 3 7 3 0 2
haar_x2_y2
2.771861e-002 0 -1
-1.212500e-001 7.370491e-001 
1
2
5 13 14 8 0 -1
5 17 14 4 0 2
haar_y2
2.532971e-004 0 -1
-4.174866e-001 3.351986e-001 
1
2
12 2 4 34 0 -1
12 19 4 17 0 2
haar_y2
-2.839011e-004 0 -1
2.465849e-001 -5.076238e-001 
1
2
10 21 10 3 0 -1
10 21 5 3 0 2
tilted_haar_x2
-1.572318e-002 0 -1
6.304386e-001 -2.523727e-001 
1
2
19 19 1 12 0 -1
16 22 1 6 0 2
tilted_haar_x4
1.196194e-002 0 -1
-5.103545e-002 5.389229e-001 
1
2
5 19 12 1 0 -1
8 22 6 1 0 2
tilted_haar_x4
9.784580e-004 0 -1
-4.573342e-001 3.439147e-001 
1
2
7 20 15 10 0 -1
12 20 5 10 0 3
haar_x3
-4.098380e-005 0 -1
2.284428e-001 -3.651082e-001 
1
2
2 20 15 10 0 -1
7 20 5 10 0 3
haar_x3
-7.609338e-005 0 -1
5.662776e-001 -3.682291e-001 
1
2
14 25 8 4 0 -1
14 25 4 4 0 2
haar_x2
1.089549e-002 0 -1
-1.713153e-001 5.121590e-001 
1
2
8 23 2 6 0 -1
8 23 2 3 0 2
tilted_haar_y2
2.611582e-005 0 -1
-5.467416e-001 4.033092e-001 
1
3
9 0 12 22 0 -1
15 0 6 11 0 2
9 11 6 11 0 2
haar_x2_y2
4.245657e-004 0 -1
-5.676301e-001 2.699943e-001 
-1.719616e+000

0
-1
