63
1
3
2 9 10 4 0 -1
2 9 5 2 0 2
7 11 5 2 0 2
haar_x2_y2
5.380418e-003 0 -1
-1.646987e-001 3.551424e-001 
1
2
12 18 9 8 0 -1
10 20 9 4 0 2
tilted_haar_x4
4.054137e-002 0 -1
-7.575758e-002 1.827804e-001 
1
2
10 21 11 2 0 -1
10 21 11 1 0 2
tilted_haar_y2
7.785875e-003 0 -1
-2.241750e-001 2.789488e-001 
1
2
12 23 6 2 0 -1
12 24 6 1 0 2
haar_y2
-8.783686e-004 0 -1
-3.064002e-001 1.173937e-001 
1
2
12 1 12 1 0 -1
15 4 6 1 0 2
tilted_haar_x4
6.773270e-003 0 -1
-2.024933e-001 2.074164e-001 
1
2
12 23 6 2 0 -1
12 24 6 1 0 2
haar_y2
1.310587e-003 0 -1
3.428566e-003 -2.350484e-001 
1
2
6 23 6 2 0 -1
6 24 6 1 0 2
haar_y2
-4.133850e-004 0 -1
-2.884418e-001 1.328773e-001 
1
3
8 0 16 2 0 -1
16 0 8 1 0 2
8 1 8 1 0 2
haar_x2_y2
2.523532e-003 0 -1
-1.121473e-001 2.534845e-001 
1
2
0 3 1 12 0 -1
0 7 1 4 0 3
haar_y3
-5.469516e-003 0 -1
2.893527e-001 -1.187126e-001 
1
2
18 0 2 14 0 -1
18 0 1 14 0 2
tilted_haar_y2
-1.234411e-002 0 -1
-5.884631e-001 3.172733e-002 
1
2
5 15 12 4 0 -1
5 16 12 2 0 2
haar_y4
2.943972e-003 0 -1
6.465391e-002 -4.913939e-001 
1
2
18 0 2 14 0 -1
18 0 1 14 0 2
tilted_haar_y2
-2.021501e-003 0 -1
-7.518455e-002 3.803933e-002 
1
2
6 0 14 2 0 -1
6 0 14 1 0 2
tilted_haar_y2
-5.982225e-003 0 -1
-3.977546e-001 8.640983e-002 
1
3
18 2 6 6 0 -1
21 2 3 3 0 2
18 5 3 3 0 2
haar_x2_y2
-9.157459e-003 0 -1
4.364153e-001 -5.467264e-002 
1
2
2 27 6 5 0 -1
4 27 2 5 0 3
haar_x3
-5.790718e-003 0 -1
3.020220e-001 -1.022542e-001 
1
2
12 0 2 4 0 -1
12 1 2 2 0 2
haar_y4
-3.862686e-004 0 -1
1.498174e-001 -5.812740e-002 
1
2
5 8 8 3 0 -1
5 9 8 1 0 3
haar_y3
-1.121528e-003 0 -1
-3.741087e-001 7.871951e-002 
1
3
21 4 2 2 0 -1
22 4 1 1 0 2
21 5 1 1 0 2
haar_x2_y2
6.475583e-004 0 -1
-4.847107e-002 2.511869e-001 
1
2
8 3 10 6 0 -1
8 3 10 3 0 2
tilted_haar_y2
7.204191e-002 0 -1
-5.088013e-002 6.227775e-001 
1
2
7 23 15 6 0 -1
7 25 15 2 0 3
haar_y3
3.019429e-002 0 -1
-3.943029e-002 4.576710e-001 
1
2
6 23 12 6 0 -1
6 25 12 2 0 3
haar_y3
4.430378e-004 0 -1
2.692170e-001 -1.283137e-001 
1
2
13 20 2 12 0 -1
13 20 2 6 0 2
tilted_haar_x2
2.957555e-002 0 -1
-5.496487e-002 8.950052e-002 
1
3
0 6 8 8 0 -1
0 6 4 4 0 2
4 10 4 4 0 2
haar_x2_y2
1.088754e-002 0 -1
-1.118477e-001 3.032560e-001 
1
2
19 5 4 2 0 -1
20 5 2 2 0 2
haar_x4
-1.451726e-003 0 -1
1.450913e-001 -4.049822e-002 
1
2
1 5 4 2 0 -1
2 5 2 2 0 2
haar_x4
-2.559777e-004 0 -1
2.027973e-001 -1.556476e-001 
1
2
13 20 2 10 0 -1
13 20 2 5 0 2
tilted_haar_x2
1.708874e-002 0 -1
8.024201e-002 -7.771850e-002 
1
2
11 20 10 2 0 -1
11 20 5 2 0 2
tilted_haar_x2
1.145402e-002 0 -1
-2.236938e-001 1.730995e-001 
1
2
19 1 5 3 0 -1
18 2 5 1 0 3
tilted_haar_x3
4.133968e-003 0 -1
-6.131387e-002 2.406622e-001 
1
2
10 0 1 3 0 -1
9 1 1 1 0 3
tilted_haar_y3
3.103329e-003 0 -1
4.011117e-002 -7.488712e-001 
1
2
12 15 11 6 0 -1
10 17 11 2 0 3
tilted_haar_x3
-2.713926e-002 0 -1
1.937638e-001 -1.779141e-002 
1
3
2 1 20 12 0 -1
2 1 10 6 0 2
12 7 10 6 0 2
haar_x2_y2
-4.702648e-002 0 -1
-4.082999e-001 7.393286e-002 
1
3
8 24 14 2 0 -1
15 24 7 1 0 2
8 25 7 1 0 2
haar_x2_y2
-1.673734e-003 0 -1
-1.563748e-001 4.358768e-002 
1
2
0 28 3 6 0 -1
1 30 1 2 0 9
haar_point
5.319077e-003 0 -1
7.687766e-002 -4.098650e-001 
1
2
8 34 9 2 0 -1
11 34 3 2 0 3
haar_x3
6.352391e-003 0 -1
5.616016e-002 -3.164843e-001 
1
2
1 18 14 2 0 -1
1 19 14 1 0 2
haar_y2
-5.127707e-004 0 -1
-2.720143e-001 1.186516e-001 
1
2
7 10 15 8 0 -1
7 12 15 4 0 2
haar_y4
-5.138829e-002 0 -1
-1.000000e+000 1.116388e-002 
1
2
12 16 6 12 0 -1
14 18 2 12 0 3
tilted_haar_x3
-2.126205e-003 0 -1
2.857520e-001 -1.118951e-001 
1
3
7 24 12 10 0 -1
13 24 6 5 0 2
7 29 6 5 0 2
haar_x2_y2
-3.567519e-002 0 -1
2.887207e-001 -7.348774e-002 
1
2
6 0 3 6 0 -1
7 0 1 6 0 3
haar_x3
4.843571e-003 0 -1
4.683148e-002 -7.621367e-001 
1
2
17 20 4 12 0 -1
17 20 2 12 0 2
tilted_haar_y2
-2.374582e-002 0 -1
3.316715e-001 -3.066991e-002 
1
2
3 18 2 15 0 -1
4 18 1 15 0 2
haar_x2
5.274832e-003 0 -1
-8.777581e-002 3.497484e-001 
1
2
0 6 24 2 0 -1
8 6 8 2 0 3
haar_x3
6.503004e-002 0 -1
-4.701689e-002 6.681967e-001 
1
3
7 11 4 4 0 -1
7 11 2 2 0 2
9 13 2 2 0 2
haar_x2_y2
2.603020e-004 0 -1
-1.867163e-001 1.675003e-001 
1
2
13 9 1 2 0 -1
13 10 1 1 0 2
haar_y2
-3.185084e-004 0 -1
-2.631267e-001 2.789993e-002 
1
2
5 0 2 3 0 -1
5 1 2 1 0 3
haar_y3
-8.612935e-004 0 -1
3.916880e-001 -8.109114e-002 
1
3
8 18 10 4 0 -1
13 18 5 2 0 2
8 20 5 2 0 2
haar_x2_y2
6.565087e-003 0 -1
3.805992e-002 -5.520713e-001 
1
2
9 0 6 7 0 -1
11 2 2 7 0 3
tilted_haar_x3
-2.271638e-002 0 -1
6.204308e-001 -5.655466e-002 
1
3
18 14 4 2 0 -1
20 14 2 1 0 2
18 15 2 1 0 2
haar_x2_y2
1.736560e-003 0 -1
-3.686771e-002 5.153160e-001 
1
3
2 14 4 2 0 -1
2 14 2 1 0 2
4 15 2 1 0 2
haar_x2_y2
9.012980e-004 0 -1
-7.132249e-002 4.144882e-001 
1
2
20 2 1 26 0 -1
20 15 1 13 0 2
haar_y2
-2.614076e-002 0 -1
-5.219553e-001 2.368019e-002 
1
2
9 18 1 4 0 -1
9 18 1 2 0 2
tilted_haar_y2
1.481898e-004 0 -1
-2.294784e-001 1.426245e-001 
1
2
17 20 4 11 0 -1
17 20 2 11 0 2
tilted_haar_y2
3.704496e-002 0 -1
-4.792034e-002 1.264302e-001 
1
2
9 14 14 2 0 -1
9 14 7 2 0 2
tilted_haar_x2
-3.063911e-002 0 -1
5.817444e-001 -6.039555e-002 
1
2
20 2 1 26 0 -1
20 15 1 13 0 2
haar_y2
2.901589e-002 0 -1
2.005621e-002 -5.232140e-001 
1
2
3 2 1 26 0 -1
3 15 1 13 0 2
haar_y2
-2.876482e-002 0 -1
-8.084657e-001 4.168865e-002 
1
2
18 19 1 3 0 -1
18 20 1 1 0 3
haar_y3
-1.667936e-004 0 -1
-1.837361e-001 3.452029e-002 
1
2
10 1 4 6 0 -1
11 2 2 6 0 2
tilted_haar_x4
1.247541e-002 0 -1
-4.461995e-002 7.545421e-001 
1
2
18 19 1 3 0 -1
18 20 1 1 0 3
haar_y3
2.330552e-004 0 -1
5.511183e-002 -2.008670e-001 
1
2
5 19 1 3 0 -1
5 20 1 1 0 3
haar_y3
4.589120e-004 0 -1
5.596763e-002 -5.792657e-001 
1
2
14 8 3 3 0 -1
14 9 3 1 0 3
haar_y3
8.636641e-004 0 -1
2.526658e-002 -3.155127e-001 
1
2
5 9 14 3 0 -1
4 10 14 1 0 3
tilted_haar_y3
8.389208e-003 0 -1
-7.976991e-002 4.255868e-001 
1
2
3 12 19 8 0 -1
3 14 19 4 0 2
haar_y4
1.051657e-002 0 -1
-6.576183e-002 3.645108e-001 
1
2
2 10 15 8 0 -1
2 12 15 4 0 2
haar_y4
-4.522903e-002 0 -1
-9.398329e-001 3.724278e-002 
-9.469550e-001

27
-1
