35
1
2
1 23 20 10 0 -1
1 28 20 5 0 2
haar_y2
-6.823762e-002 0 -1
4.147132e-001 -3.602332e-001 
1
2
0 12 24 2 0 -1
8 12 8 2 0 3
haar_x3
4.214179e-002 0 -1
-2.286430e-001 3.778785e-001 
1
2
10 27 5 4 0 -1
9 28 5 2 0 2
tilted_haar_y4
-5.489186e-003 0 -1
3.878012e-001 -1.816454e-001 
1
2
15 20 1 3 0 -1
15 21 1 1 0 3
haar_y3
3.943106e-004 0 -1
3.256951e-002 -4.802225e-001 
1
2
9 22 8 6 0 -1
11 24 4 6 0 2
tilted_haar_x4
2.930620e-002 0 -1
-1.490271e-001 3.817250e-001 
1
3
4 21 18 2 0 -1
13 21 9 1 0 2
4 22 9 1 0 2
haar_x2_y2
-1.717378e-003 0 -1
-3.572543e-001 9.738380e-002 
1
3
4 19 16 4 0 -1
4 19 8 2 0 2
12 21 8 2 0 2
haar_x2_y2
-4.974704e-003 0 -1
-4.955803e-001 1.122641e-001 
1
2
11 34 8 1 0 -1
13 34 4 1 0 2
haar_x4
-1.462995e-003 0 -1
1.721693e-001 -8.461572e-002 
1
2
3 33 12 3 0 -1
7 34 4 1 0 9
haar_point
-1.435678e-002 0 -1
4.188495e-001 -1.276305e-001 
1
2
16 23 8 2 0 -1
16 24 8 1 0 2
haar_y2
-2.200083e-003 0 -1
-5.111721e-001 6.270617e-002 
1
3
0 5 6 20 0 -1
0 5 3 10 0 2
3 15 3 10 0 2
haar_x2_y2
-2.349397e-002 0 -1
3.706254e-001 -1.415901e-001 
1
2
16 23 8 2 0 -1
16 24 8 1 0 2
haar_y2
2.020827e-003 0 -1
4.476371e-002 -3.784723e-001 
1
2
0 23 8 2 0 -1
0 24 8 1 0 2
haar_y2
-1.836104e-003 0 -1
-5.518199e-001 8.464173e-002 
1
2
8 23 8 9 0 -1
8 26 8 3 0 3
haar_y3
-1.562218e-002 0 -1
5.612503e-001 -9.867772e-002 
1
2
2 0 17 6 0 -1
2 2 17 2 0 3
haar_y3
1.299966e-002 0 -1
-1.179671e-001 3.819315e-001 
1
2
0 1 24 3 0 -1
6 1 12 3 0 2
haar_x4
-3.638916e-002 0 -1
6.065907e-001 -8.078858e-002 
1
2
8 9 6 3 0 -1
8 10 6 1 0 3
haar_y3
-1.749700e-003 0 -1
-6.318690e-001 8.930626e-002 
1
2
22 6 1 8 0 -1
22 8 1 4 0 2
haar_y4
-2.543584e-003 0 -1
3.812531e-001 -1.157064e-001 
1
2
1 6 1 8 0 -1
1 8 1 4 0 2
haar_y4
2.943638e-003 0 -1
-7.997092e-002 5.903139e-001 
1
2
19 23 4 3 0 -1
19 24 4 1 0 3
haar_y3
-5.829302e-004 0 -1
-3.046537e-001 1.074244e-001 
1
2
12 23 9 4 0 -1
15 26 3 4 0 3
tilted_haar_x3
3.291393e-002 0 -1
-1.035146e-001 4.547799e-001 
1
2
19 23 4 3 0 -1
19 24 4 1 0 3
haar_y3
4.519884e-004 0 -1
1.093950e-001 -3.019648e-001 
1
2
1 23 4 3 0 -1
1 24 4 1 0 3
haar_y3
1.194409e-003 0 -1
8.766431e-002 -5.702180e-001 
1
2
22 6 1 6 0 -1
22 8 1 2 0 3
haar_y3
1.696578e-003 0 -1
-1.005448e-001 3.536150e-001 
1
3
2 11 4 4 0 -1
2 11 2 2 0 2
4 13 2 2 0 2
haar_x2_y2
-2.883011e-003 0 -1
3.824524e-001 -1.300422e-001 
1
2
20 10 3 5 0 -1
21 11 1 5 0 3
tilted_haar_y3
2.275016e-003 0 -1
-1.001961e-001 2.650091e-001 
1
2
4 10 5 3 0 -1
3 11 5 1 0 3
tilted_haar_y3
3.716512e-003 0 -1
-1.081571e-001 6.019183e-001 
1
2
16 2 1 12 0 -1
12 6 1 4 0 3
tilted_haar_x3
-3.873176e-003 0 -1
-2.265254e-001 8.462186e-002 
1
2
9 4 4 7 0 -1
11 4 2 7 0 2
haar_x2
-4.420605e-003 0 -1
-4.790871e-001 1.112127e-001 
1
2
8 18 11 2 0 -1
8 19 11 1 0 2
haar_y2
-9.226410e-004 0 -1
-3.721029e-001 8.823720e-002 
1
2
11 10 6 2 0 -1
11 10 6 1 0 2
tilted_haar_y2
-6.593768e-004 0 -1
2.713589e-001 -1.801779e-001 
1
2
19 18 2 3 0 -1
19 19 2 1 0 3
haar_y3
-5.937624e-004 0 -1
-3.849799e-001 6.478765e-002 
1
2
1 6 1 6 0 -1
1 8 1 2 0 3
haar_y3
-1.027207e-003 0 -1
3.050059e-001 -1.596389e-001 
1
2
22 3 2 6 0 -1
22 6 2 3 0 2
haar_y2
-6.915206e-003 0 -1
2.365225e-001 -5.884165e-002 
1
2
0 3 2 6 0 -1
0 6 2 3 0 2
haar_y2
2.367167e-003 0 -1
-1.206359e-001 4.651860e-001 
-1.229674e+000

10
-1
