31
1
2
11 19 2 16 0 -1
11 27 2 8 0 2
haar_y2
-2.743108e-002 0 -1
4.664105e-001 -2.727264e-001 
1
2
0 2 24 14 0 -1
6 2 12 14 0 2
haar_x4
1.169778e-001 0 -1
-3.043928e-001 3.134164e-001 
1
2
0 7 3 9 0 -1
0 10 3 3 0 3
haar_y3
-1.160248e-002 0 -1
4.804457e-001 -1.789909e-001 
1
2
17 23 4 3 0 -1
17 24 4 1 0 3
haar_y3
8.841464e-004 0 -1
4.457834e-002 -3.508621e-001 
1
2
3 23 4 3 0 -1
3 24 4 1 0 3
haar_y3
1.033947e-003 0 -1
8.569793e-002 -5.898749e-001 
1
2
7 18 10 8 0 -1
7 22 10 4 0 2
haar_y2
-2.709055e-003 0 -1
-2.942918e-001 2.044926e-001 
1
2
8 6 4 4 0 -1
8 8 4 2 0 2
haar_y2
3.364020e-003 0 -1
7.094717e-002 -6.755936e-001 
1
2
8 3 8 5 0 -1
10 3 4 5 0 2
haar_x4
-2.324399e-004 0 -1
2.195153e-001 -2.295723e-001 
1
3
3 0 12 4 0 -1
3 0 6 2 0 2
9 2 6 2 0 2
haar_x2_y2
1.071318e-002 0 -1
-1.007582e-001 4.908401e-001 
1
2
10 12 4 3 0 -1
10 13 4 1 0 3
haar_y3
1.473083e-003 0 -1
8.483993e-002 -6.882566e-001 
1
3
1 9 12 6 0 -1
1 9 6 3 0 2
7 12 6 3 0 2
haar_x2_y2
9.578278e-003 0 -1
-1.480814e-001 3.396962e-001 
1
2
22 6 1 6 0 -1
22 8 1 2 0 3
haar_y3
-1.328866e-003 0 -1
2.873167e-001 -1.154705e-001 
1
2
0 35 2 1 0 -1
1 35 1 1 0 2
haar_x2
6.642130e-004 0 -1
8.531488e-002 -6.469861e-001 
1
2
16 27 3 6 0 -1
17 28 1 6 0 3
tilted_haar_y3
-4.537731e-003 0 -1
2.566932e-001 -9.010545e-002 
1
2
8 27 6 3 0 -1
7 28 6 1 0 3
tilted_haar_y3
-6.387864e-003 0 -1
4.252315e-001 -1.229852e-001 
1
2
7 22 10 8 0 -1
7 24 10 4 0 2
haar_y4
-8.293522e-003 0 -1
5.360495e-001 -9.239379e-002 
1
2
11 8 9 3 0 -1
10 9 9 1 0 3
tilted_haar_y3
-4.350181e-003 0 -1
-5.090360e-001 1.157602e-001 
1
2
12 17 12 12 0 -1
16 21 4 4 0 9
haar_point
-3.966000e-002 0 -1
1.728940e-001 -8.410702e-002 
1
2
1 8 8 2 0 -1
5 8 4 2 0 2
haar_x2
3.103186e-003 0 -1
-2.610436e-001 1.757693e-001 
1
2
22 25 2 2 0 -1
22 25 2 1 0 2
tilted_haar_x2
8.088257e-003 0 -1
-8.609010e-003 6.503384e-001 
1
2
2 25 2 2 0 -1
2 25 1 2 0 2
tilted_haar_x2
-6.887265e-004 0 -1
-3.331695e-001 1.412484e-001 
1
3
13 1 10 2 0 -1
18 1 5 1 0 2
13 2 5 1 0 2
haar_x2_y2
-1.357180e-003 0 -1
2.896711e-001 -8.584631e-002 
1
2
7 5 8 1 0 -1
11 5 4 1 0 2
haar_x2
-3.124306e-003 0 -1
-5.977222e-001 7.832860e-002 
1
2
11 29 9 6 0 -1
14 29 3 6 0 3
haar_x3
-1.308926e-002 0 -1
2.447880e-001 -9.724280e-002 
1
2
4 0 12 6 0 -1
4 2 12 2 0 3
haar_y3
4.510310e-003 0 -1
-1.731197e-001 2.859253e-001 
1
2
3 1 18 4 0 -1
3 2 18 2 0 2
haar_y4
-3.770509e-003 0 -1
4.508899e-001 -1.269284e-001 
1
2
9 21 2 3 0 -1
9 22 2 1 0 3
haar_y3
4.389473e-004 0 -1
1.092736e-001 -4.645166e-001 
1
2
18 10 3 6 0 -1
18 12 3 2 0 3
haar_y3
-6.461095e-003 0 -1
3.845036e-001 -8.175272e-002 
1
2
3 10 3 6 0 -1
3 12 3 2 0 3
haar_y3
1.504750e-003 0 -1
-1.383549e-001 3.674898e-001 
1
2
9 9 6 3 0 -1
9 10 6 1 0 3
haar_y3
2.090790e-003 0 -1
7.747289e-002 -7.130880e-001 
1
3
0 7 4 8 0 -1
0 7 2 4 0 2
2 11 2 4 0 2
haar_x2_y2
-3.852500e-003 0 -1
3.035665e-001 -1.651318e-001 
-1.175999e+000

9
-1
