rawdata/2001.bmp 2 162 224 51 104 210 251 45 94
rawdata/2003.bmp 2 64 25 46 82 131 76 44 67
rawdata/2005.bmp 1 173 97 124 145
rawdata/2006.bmp 1 205 29 66 140
rawdata/2007.bmp 6 21 192 41 72 106 180 44 87 169 236 64 113 238 183 59 116 311 165 55 121 384 275 68 132
rawdata/2008.bmp 1 91 83 147 160
rawdata/2009.bmp 6 29 59 57 144 94 91 55 165 208 49 46 135 304 67 54 146 355 50 46 127 438 126 42 119
rawdata/2010.bmp 4 61 164 55 109 153 167 44 121 224 166 47 100 345 148 55 114
rawdata/2013.bmp 3 130 187 64 147 397 86 64 163 184 115 70 151
rawdata/2015.bmp 7 64 243 39 87 135 229 35 82 200 206 42 86 245 223 34 85 285 202 42 79 346 175 42 87 407 183 42 83
rawdata/2016.bmp 2 1 173 76 138 341 60 83 174
rawdata/2017.bmp 1 184 94 114 217
rawdata/2020.bmp 7 22 159 46 89 74 96 41 96 141 89 41 117 202 78 43 87 313 88 39 102 397 100 36 78 447 176 40 86
rawdata/2021.bmp 1 113 61 57 146
rawdata/2022.bmp 2 77 75 87 198 235 139 109 271
rawdata/2023.bmp 3 143 47 56 137 345 24 57 121 424 40 49 122
rawdata/2028.bmp 2 142 28 133 358 318 99 111 386
rawdata/2029.bmp 2 44 74 71 148 232 145 62 117
rawdata/2030.bmp 7 18 215 36 68 105 231 40 74 176 298 41 85 228 211 37 89 281 190 35 80 317 166 36 80 379 191 54 104
rawdata/2031.bmp 2 80 15 131 210 279 111 133 206
rawdata/2035.bmp 3 96 106 68 146 198 102 74 166 307 106 81 162
rawdata/2036.bmp 7 18 48 33 57 45 92 32 67 93 68 33 62 145 74 30 74 168 182 40 78 220 70 34 58 166 43 38 50
rawdata/2037.bmp 3 118 70 66 147 261 116 75 126 384 81 62 119
rawdata/2038.bmp 1 89 33 48 105
rawdata/2039.bmp 1 113 71 101 205
rawdata/2042.bmp 1 145 109 52 116
rawdata/2053.bmp 1 50 50 80 148
rawdata/2054.bmp 3 164 66 54 140 248 79 58 135 302 58 56 124
rawdata/2055.bmp 2 174 172 62 70 272 166 59 68
rawdata/2056.bmp 3 38 146 53 101 95 153 55 117 322 128 56 119
rawdata/2060.bmp 3 41 93 81 189 185 120 84 192 349 111 94 205
rawdata/2061.bmp 1 173 133 92 198
rawdata/2063.bmp 2 96 92 99 286 331 74 92 295
rawdata/2064.bmp 4 40 82 64 168 161 152 58 118 218 136 54 133 348 151 61 151
rawdata/2065.bmp 6 22 138 32 73 81 118 37 73 141 120 33 62 197 123 38 80 254 104 36 73 307 145 41 90
rawdata/2066.bmp 2 71 46 51 104 165 69 50 85
rawdata/2067.bmp 1 40 76 101 239
rawdata/2079.bmp 4 18 86 32 63 131 107 31 58 204 94 27 54 279 127 20 37
rawdata/2080.bmp 1 65 45 96 209
rawdata/2082.bmp 8 14 95 30 69 56 109 28 77 85 79 31 72 135 93 27 59 165 88 25 70 209 90 27 65 252 105 21 62 266 61 25 60
rawdata/2087.bmp 2 84 35 90 228 223 133 87 210
rawdata/2088.bmp 1 145 70 38 91
rawdata/2089.bmp 3 47 206 73 165 112 47 64 149 264 131 67 176
rawdata/2092.bmp 1 312 71 111 256
rawdata/2094.bmp 5 31 46 60 177 100 52 60 163 243 127 69 165 355 104 56 161 413 69 60 158
rawdata/2095.bmp 2 59 219 71 95 314 29 112 156
rawdata/2096.bmp 1 335 72 123 382
rawdata/2097.bmp 1 161 100 114 314
rawdata/2099.bmp 2 140 21 80 186 372 56 71 162
rawdata/2100.bmp 6 24 137 52 142 159 248 36 81 218 135 47 120 354 143 51 102 339 253 32 70 379 260 30 68
rawdata/2101.bmp 7 1 107 32 88 74 147 33 81 96 95 42 97 211 79 43 112 297 97 35 99 378 101 33 97 402 114 39 110
rawdata/2102.bmp 3 185 131 52 111 301 141 44 93 421 161 48 82
rawdata/2105.bmp 1 215 18 81 205
rawdata/2106.bmp 5 35 113 50 123 145 98 43 93 211 90 43 113 298 108 40 108 400 123 59 134
rawdata/2107.bmp 2 50 155 52 102 199 20 63 145
rawdata/2108.bmp 1 338 10 108 283
rawdata/2109.bmp 1 79 18 81 167
rawdata/2112.bmp 2 154 122 30 45 203 86 39 51
rawdata/2113.bmp 1 184 101 97 242
rawdata/2114.bmp 4 37 116 57 131 136 158 46 128 175 109 52 125 281 40 65 134
rawdata/2115.bmp 1 231 98 131 308
rawdata/2116.bmp 6 20 186 32 76 162 189 31 72 218 168 33 83 253 64 46 109 272 181 34 79 382 203 43 86
rawdata/2117.bmp 1 132 115 90 248
rawdata/2121.bmp 2 92 98 63 162 250 58 83 205
rawdata/2123.bmp 1 165 23 68 181
rawdata/2124.bmp 5 21 151 34 79 54 79 49 120 168 158 36 71 290 95 52 134 443 62 54 111
rawdata/2125.bmp 2 100 11 50 113 118 140 36 73
rawdata/2127.bmp 2 183 113 103 284 351 179 125 273